3.86853095719 0.0813506299969 -0.887518659734
3.33070069757 -1.02532172727 -0.943020808153
3.41446389166 -0.488643818778 -0.767954606366
3.39985315954 -0.417179660528 -0.722638868396
3.51329757263 0.536569637734 -0.37084790292
3.57185291285 1.02464023587 -0.188588591282
3.53871878701 0.874095325918 -0.232586760509
3.30709551441 -0.0131157401522 -0.45385072304
3.18118566663 -0.522116311334 -0.579097902373
3.24528828251 -0.0590499486412 -0.422030532234
3.36064915775 0.844686705127 -0.102303984346
3.18987765221 0.058930814655 -0.320807963896
3.07377190337 -0.45393898775 -0.452559489859
2.91731668871 -0.616519617801 -0.385240569676
2.9052478325 -0.660460366257 -0.398230093372
3.0353001579 0.186388496349 -0.131076195436
2.98170860464 0.105150723085 -0.120521029283
2.96902217005 0.425448041423 0.0337633439146
2.80225163582 -0.46743311445 -0.215035109781
2.72532930929 -0.815026010317 -0.296318583882
2.90849520487 0.466611001777 0.104583160352
2.72626192128 -0.631007996809 -0.218071913668
2.79362388473 0.401267799183 0.174387232933
2.84751184544 0.916500394489 0.358342234376
2.64350264677 -0.444688722629 -0.0629521695334
2.79407870511 0.632856981544 0.275767856617
2.74264348267 0.531170657458 0.275452481301
2.91926370358 2.10251004324 0.832052362678
2.75500927874 1.09960698305 0.514660962278
2.79023982063 1.50084537472 0.663678769854
2.5072438722 -0.51183547222 0.0332324495548
2.56188786419 -0.0703680913348 0.171996123178
2.50702708076 -0.466422809543 0.0530262905041
2.56442488623 -0.0259798481642 0.189316111025
2.54489091745 -0.0912777494879 0.179271322703
2.71710876263 1.33594767462 0.652600717806
2.41557097401 -0.789512547932 0.001414618091
2.5270425241 0.0927419480205 0.272338498074
2.70060746644 1.61960802797 0.790092935503
2.35993855638 -0.916510809228 0.000974824619737
2.57884273321 0.742043394912 0.508116040867
2.37027991611 -0.559991637539 0.142272167711
2.48689876073 0.449442683383 0.460867910382
2.34367859691 -0.629997679262 0.135243154869
2.56760334235 1.12089931716 0.682274269863
2.43207406844 0.0776038584029 0.350825567316
2.44589295779 0.191816111172 0.387198470743
2.52509464869 0.826077240111 0.590465630157
2.35818246498 -0.4503925085 0.196397738401
2.44373477506 0.259199952809 0.418466311601
2.58335687695 1.41756171192 0.79853825756
2.26351339822 -1.02807514362 0.0469701102224
2.36780949737 -0.142914005075 0.316980115759
2.65805834012 2.16862036571 1.06931236787
2.2460099442 -1.0213413916 0.0656420224869
2.53083957937 1.28591139438 0.785539228408
2.53112685557 1.30902952584 0.794733941284
2.65971078648 2.34124520122 1.14603154585
2.45686369034 0.735175648692 0.608924606921
2.22980715775 -1.02460407758 0.0797299427844
2.23469982101 -0.93214360578 0.114506273167
2.41314808956 0.55635240213 0.570482154341
2.35164060646 0.0951721724303 0.430782818968
2.57790728362 1.94296611669 1.03409426047
2.55533002121 2.2508847677 1.18689457697
2.34328258711 0.527226137875 0.619548317541
2.29277227278 0.120676751195 0.496205029975
2.50300843154 1.9004986528 1.07513499976
2.18564623315 -0.676355182468 0.26622115336
2.53572830198 2.25488737776 1.20310754115
2.38271753205 0.994364123058 0.784487239411
2.13403901928 -1.02371431796 0.171967785483
2.36014460339 0.999523060233 0.805817502641
2.34342134423 0.86525912237 0.763236056569
2.22905854591 -0.0855175097263 0.467483444271
2.2232883047 -0.0296575370859 0.495425742978
2.27069779722 0.634521805268 0.72955267232
2.19900613002 0.0312278563315 0.541704943729
2.19124014511 0.0925091387306 0.578251486406
2.1917810168 0.099274528789 0.568449319476
2.06104691708 -1.00845414007 0.248204466269
2.22444859048 0.471168930684 0.702061250549
2.18598945825 0.142294781061 0.599287881303
2.12463900429 -0.309092936782 0.471284555962
2.22433846251 0.591926565876 0.752059458595
2.25818535472 0.899027401749 0.850784963163
2.22395447967 0.632463810805 0.77028307975
2.09539065421 -0.473627159392 0.431700395815
2.17493468159 0.223641588085 0.640148206867
2.27405992401 1.104741558 0.923618908787
2.16719062756 0.196569483338 0.638102160031
2.25473416285 1.02080148076 0.901029680222
2.14194829427 0.0773460852537 0.612512469053
2.24825618866 1.08635161646 0.938326086026
2.08876133851 -0.106324447722 0.586861581289
2.02964641142 -0.614637903396 0.438158935536
2.08180025511 -0.128279054183 0.584582353213
2.04060852667 -0.476905736338 0.482381238473
2.26728779681 1.61355557726 1.1464888126
2.08002737879 -0.0368699572412 0.621276821115
2.06443329277 -0.11912914331 0.603796036379
2.27672213749 1.8189436672 1.22553551906
2.10474490366 0.286648551225 0.733246553808
2.28180853358 2.02750826006 1.31149683001
1.98391134495 -0.646590353576 0.467542603142
1.95457378884 -0.888747962972 0.399878986316
1.98405186352 -0.555661083483 0.505160118589
2.0350347442 -0.0720566773778 0.650069909676
2.009121582 -0.276487863731 0.591797114871
1.94244888384 -0.834245646148 0.434858718519
2.11470589982 0.777669463165 0.925859989586
2.03643760861 0.0695474664009 0.706003725306
2.05544372079 0.253397307343 0.762571468228
2.09269280365 0.613315428855 0.876721804006
2.00245308392 -0.0662207050468 0.685775015688
1.84444673606 -1.48547008054 0.274485074991
1.99605556355 -0.0364446777859 0.698588231467
2.05856081267 0.569346458284 0.890043974851
2.11028480854 1.11924040964 1.07166595275
2.08943023723 0.925359116887 1.00869415758
2.05777762094 0.67956790021 0.93538306857
1.99206568741 0.128223391971 0.770541586007
2.03576353781 0.600021128528 0.922459442758
2.00214560027 0.324959978141 0.840389323967
1.8245587616 -1.33458056948 0.353351548433
2.21337512978 2.3760733744 1.51715187156
2.19028834752 2.18149396224 1.45252066318
2.17185191457 2.0933003343 1.43012112957
2.09860480588 1.405551718 1.20066518969
1.94138914232 -0.0916406287433 0.728154683186
2.12685061788 1.73792611722 1.30784637086
2.08659550319 1.41775908363 1.21569393793
1.86726853661 -0.673283300353 0.568608797358
2.11278392608 1.79164469843 1.35088933705
1.81255521231 -1.09564270685 0.457332636202
1.95418632817 0.293973364741 0.874029043313
1.94870937508 0.256176604625 0.861415594221
2.10284819648 1.77188748751 1.35055538432
1.98098072887 0.60663721316 0.973755549181
2.15889912556 2.36754679036 1.55668364592
1.98990433216 0.760014853224 1.02775227805
1.9011986779 -0.0738149039218 0.772511232025
2.10231137851 1.90879968169 1.40832815412
1.99182918409 0.864592396827 1.06909086929
2.04332014252 1.43547563589 1.26073615163
2.02773306362 1.29088461331 1.21424428666
1.95696220288 0.59987242608 0.992076416198
2.02153149416 1.244577368 1.20036505844
2.01536865231 1.21027971562 1.19127754935
1.85987292241 -0.28905972111 0.726207858877
1.88842187258 0.0419179238828 0.829472688594
1.98791547351 1.06424056016 1.15428602608
1.9605990178 0.810466323283 1.07324646349
2.11794507885 2.44519005134 1.62412409027
1.92856834666 0.754027304733 1.07936450409
1.9302833728 0.796178674876 1.09577198301
1.87023506302 0.213578953235 0.915460460521
1.84938262404 0.00406997340114 0.851368267561
1.93104503708 0.858330867039 1.12083980009
1.84905075919 0.0708848657819 0.878440427185
1.90723981455 0.703128790653 1.07811936004
1.75705934272 -0.803662928198 0.622682639909
1.94980296972 1.153597933 1.22485792416
1.88017766788 0.716249848582 1.10799053174
1.87912048224 0.714846622615 1.10816395533
1.90862047697 1.05240588866 1.21941349663
1.6977733154 -1.10755344873 0.566847428175
1.77050490566 -0.34021278551 0.790145563036
1.81909376253 0.183706521689 0.951795876596
1.82681124175 0.307169672867 0.992435992391
1.98845633039 2.11190169691 1.58312353111
1.89950367816 1.29353367838 1.32624384536
1.85808221324 0.90772630502 1.20454467973
1.70363628542 -0.675166783628 0.724776343123
1.87901452416 1.20566112435 1.30714250479
1.96067432622 2.21646076046 1.65484051124
1.92238009537 1.9470096861 1.57363385268
1.77492696975 0.473799859969 1.10541738953
1.61054097339 -1.14080135148 0.639469043364
1.75827885295 0.479619243522 1.12344421615
1.75215850592 0.463512975168 1.12212347503
1.89062535269 2.0231237074 1.63291207562
1.7891855671 0.928106922413 1.27411630239
1.92687833926 2.45082149397 1.78157866476
1.63852812538 -0.545943493739 0.837922372574
1.79956892518 1.23512203541 1.38796768894
1.54423925995 -1.56395485322 0.549081001434
1.72109974667 0.391684076366 1.12220539002
1.78757317745 1.27733763773 1.41681677572
1.66199221428 -0.0603915961426 1.00099529145
1.61648938105 -0.557470998964 0.853912527229
1.79877242557 1.54118436075 1.51201308157
1.82983031638 1.96462845414 1.65966922701
1.61285120908 -0.464374132253 0.893807404066
1.68300000671 0.337010978337 1.13487145286
1.62302025624 -0.309724805151 0.94186775818
1.84987640334 2.28725245826 1.77613301944
1.64734892465 0.0720661198008 1.0647262757
1.65051943858 0.128736846273 1.08442609109
1.56782144793 -0.80511362686 0.808766537701
1.67696644395 0.47344531117 1.19422873997
1.64921336905 0.172128980884 1.10201770187
1.73072515081 1.14130848224 1.40869033737
1.5531473523 -0.885269409458 0.787376921195
1.58505022795 -0.50047565728 0.906041462766
1.80331400009 2.28161087915 1.8121689325
1.71087471716 1.24974070767 1.47023822612
1.53417252051 -0.783415544865 0.848099900101
1.76095624788 1.95078259869 1.71188149272
1.61668142502 0.304459908515 1.18398857938
1.62110525191 0.36195269877 1.20139429697
1.63010654774 0.49003273253 1.24217567749
1.76000750097 2.02925902196 1.74393139766
1.80184627365 2.53555594693 1.919200573
1.71410748096 1.50303775893 1.56960441175
1.74315256331 1.90160804588 1.706918992
1.51409319136 -0.494461326162 0.977337361625
1.71983259611 1.9934579935 1.76325544763
1.59243019206 0.458548598557 1.26610608955
1.58496471892 0.432229508898 1.25765149645
1.57742785096 0.596608494134 1.33280248767
1.64797906223 1.47285027668 1.61472906641
1.46201173074 -0.770084896903 0.924212634678
1.47552030577 -0.59150615905 0.97691987428
1.64642628951 1.51704322583 1.63415398281
1.44920250458 -0.847990380513 0.909710447663
1.53222089031 0.175428661306 1.21231350905
1.54936404116 0.386197353439 1.27663111415
1.65069865685 1.64346288752 1.68214443701
1.65341624897 1.79068588376 1.7373904575
1.62914477158 1.49844022568 1.64104284345
1.56537940972 0.733600544182 1.39703050717
1.59177583939 1.09686778472 1.51488649029
1.66777218907 2.0655709519 1.83634085454
1.54691559252 0.622363819222 1.37073632267
1.46248151706 -0.158194777905 1.15172586991
1.52729186792 0.707007517381 1.42103156651
1.6461696777 2.24207293382 1.92609937974
1.61144272086 1.80595751797 1.77870222285
1.46915490632 0.0282236368497 1.2101864086
1.52542386098 0.766360653656 1.44468921344
1.47963543251 0.28799326155 1.30379249825
1.65432636592 2.55737313287 2.04899316155
1.4038866978 -0.626362650842 1.03346166461
1.51907085649 0.954136888967 1.52291434522
1.40731497948 -0.392179345887 1.1166279553
1.56621204184 1.76558826424 1.80202380978
1.36339633958 -0.876958191771 0.981844657191
1.42970476065 0.0829303952028 1.27220268183
1.44429819732 0.291462418049 1.33753278187
1.35858769332 -0.825705578145 1.00641503499
1.49267887021 0.931875435407 1.53935476594
1.46919467085 0.672096429095 1.45949756258
1.56522631544 1.97690410662 1.88291100841
1.58688889865 2.33391748483 2.01229850036
1.50929674283 1.30594012564 1.6702806313
1.43328015458 0.290534005365 1.32372552031
1.30613835005 -1.31477642094 0.88287495284
1.58235558735 2.38606976848 2.03844577729
1.51095521024 1.61373212433 1.78801372898
1.43078604791 0.583335159993 1.46091335654
1.34999841209 -0.463851622383 1.14329819293
1.55244121578 2.35514540859 2.05016718773
1.38615885562 0.108360245364 1.32307342564
1.30569161497 -0.936768382854 1.01690049071
1.53299948602 2.16106086348 1.98788068335
1.38438214907 0.340067637527 1.41187278931
1.34047537813 -0.238740398893 1.23757492025
1.3970825232 0.60199243976 1.49827837788
1.52292475338 2.40219477199 2.09395864179
1.39349700382 0.698633543743 1.53782032954
1.46745121609 1.80274229926 1.90044709162
1.38010523504 0.605206847537 1.51548020035
1.39588912956 0.882955992322 1.60584912961
1.29073575416 -0.489918195655 1.19404468682
1.43666457057 1.65560392637 1.8696350852
1.36428630508 0.65445224999 1.54742969574
1.24725145461 -0.954765615166 1.0693479809
1.25917578782 -0.752652461919 1.12985164973
1.38525388834 1.19193584196 1.73360042839
1.44834971175 2.38941776642 2.15090360207
1.30207065982 0.303290665118 1.47374881689
1.2932639176 0.221344853513 1.45126024193
1.19394781532 -0.980884068654 1.11355008286
1.20571115146 -0.735253804533 1.18874441048
1.27139808012 0.30190804432 1.50144899034
1.3189119707 1.12658360956 1.76751025371
1.20939947093 -0.465883787529 1.2814319782
1.33068957763 1.39951594587 1.85123957843
1.19242416268 -0.640771356424 1.23517213623
1.29793827413 0.977734380868 1.73058207579
1.18708119484 -0.647584227848 1.23803517924
1.35817139812 2.0572482384 2.09472987648
1.16470688923 -0.882719884737 1.17588251529
1.36729514431 2.28230086359 2.17468806909
1.25592576589 0.713139459214 1.66680152841
1.22558162121 0.271870162232 1.53305684036
1.21644978444 0.144418089037 1.49072081543
1.13235037605 -1.10193021228 1.12901944799
1.2646747408 1.08281241148 1.80076068161
1.12529180709 -1.02946669906 1.16515995308
1.13635759116 -0.844689376051 1.21845808001
1.27222407697 1.28733124441 1.87172071077
1.23222218129 0.753193739863 1.70480795231
1.2019887059 0.324405804882 1.57436246583
1.30466279656 2.00494471335 2.11934211635
1.25901830162 1.29056397752 1.88424371282
1.26485449548 1.38786052297 1.91469974985
1.23500403258 0.968340242198 1.78314417622
1.22163338258 0.76115850084 1.71845748177
1.30877655264 2.19933699405 2.19198930751
1.1026322918 -1.04883245005 1.1818204305
1.31425564048 2.33785058161 2.24234134154
1.20054933254 0.531355902163 1.65119610943
1.28816367707 2.0211559855 2.14079198849
1.18389889176 0.39266055304 1.61671720056
1.11951010096 -0.605633554588 1.31965367421
1.28688676812 2.13407209617 2.18480223698
1.29686025473 2.35201991491 2.26291713823
1.12758816669 -0.362982619467 1.39744141021
1.06752732665 -1.32508846526 1.12309717902
1.16776470964 0.340752890308 1.61310219432
1.07521499811 -1.14085129903 1.17764528001
1.25765754525 1.93648596261 2.13305865752
1.09552067561 -0.539023070687 1.36567593121
1.07873465563 -0.749080275668 1.30824638842
1.15652838357 0.613458268496 1.72256551726
1.18502245288 1.09102285759 1.8743791733
1.15850635279 0.680416321055 1.74559636659
1.11738086481 0.0350258291723 1.54983987884
1.04615395834 -1.07243975556 1.22999761685
1.05256995141 -0.824644234733 1.30980715213
1.03520466631 -1.02501000431 1.25546892845
1.16235486367 1.18027307427 1.92706228598
1.09901554911 0.319902481502 1.66406122458
1.07143763423 -0.0310495607708 1.56927981009
1.10236128444 0.752014369213 1.82340906154
1.0795661593 0.350606904697 1.69855975501
1.09296825 0.593323039083 1.77469911793
1.06323079449 0.0930085506026 1.62123338437
1.20080293411 2.60911030836 2.4390948046
1.16018893817 1.95288217918 2.22312512535
1.19131799356 2.53108181902 2.42131662934
1.08580828457 0.76838992253 1.84336482721
1.06559497789 0.47829208821 1.75607277551
0.980419656731 -1.04077844837 1.30785602561
1.16752361988 2.39185468064 2.38622795803
0.985629256233 -0.837512565741 1.37197828887
1.0117881181 -0.33827272341 1.51345264462
0.968704064936 -1.10861579733 1.29773286215
0.974086949644 -0.975217481524 1.33517812652
1.13725502203 2.01462734355 2.2676195327
1.1235438896 1.82666114939 2.20658705753
0.958667821573 -1.08358287829 1.31572418908
1.09949667082 1.56597464657 2.12389361983
1.04457358711 0.822328775299 1.90171762953
1.02358981531 0.463699827854 1.79163964292
0.933357522303 -1.04533958619 1.3532909334
1.09633065539 2.07340905156 2.32434285958
0.907390146729 -1.48794036876 1.23345778511
1.05023707937 1.28210774797 2.06678893899
1.06329091601 1.59669711839 2.17147685805
0.918765332927 -1.11248197934 1.34579213437
1.04514398823 1.30850355395 2.08066992901
1.04975517356 1.42706495555 2.12039381535
1.10494173546 2.51119608217 2.48547019177
0.920979492103 -0.800209637154 1.44886356992
0.914537924954 -0.901624434366 1.4203410523
0.978203487976 0.356405901069 1.79546278562
0.907023091751 -0.88455100807 1.4328687573
0.96249229902 0.196977466892 1.7462204244
0.911298734666 -0.795517923005 1.45974157077
0.961885141496 0.196442943539 1.74797431107
0.906928206532 -0.640878804028 1.5169105118
0.914356520383 -0.251315418134 1.64383214037
0.869929809319 -1.04380173022 1.41826892516
0.846532771797 -1.5075974324 1.28913618954
0.992992538358 1.51435775082 2.20365730278
0.892865674522 -0.453021645349 1.59478570867
0.865533416403 -0.96001353168 1.45106564191
0.937681226711 0.533037741565 1.89564421244
0.868565768648 -0.6691241436 1.5457019091
1.00715194329 2.23393582248 2.46232949618
0.898817097164 0.248606602285 1.8333159224
0.900186092 0.403708633682 1.88408770208
0.906117032451 0.646479470549 1.96650289046
0.993600474351 2.54187677369 2.59134279909
0.935537762439 1.33784544513 2.18896216623
0.986606774734 2.48176016758 2.57437885223
0.83487314784 -0.567941033537 1.61347635016
0.893911367393 0.845259117807 2.04808210869
0.931378231922 1.72558264264 2.33630543959
0.874725763706 0.558622342152 1.96476867688
0.966856827201 2.60595613704 2.638679381
0.858280675094 0.329925958181 1.89760917987
0.865632240183 0.525103785957 1.95982411381
0.849106794852 0.399606213782 1.93313921681
0.852437054001 0.577178959976 1.99161837972
0.84816691827 0.56395156491 1.99071451569
0.791053412762 -0.432011153951 1.7021354391
0.807240512981 -0.0269246914286 1.81533229922
0.864834008891 1.40865149549 2.27788351069
0.868164140799 1.50049616394 2.30901542253
0.81926095498 0.365332559713 1.94763412163
0.803398531531 0.0793885455316 1.86424524842
0.763732138366 -0.759115974574 1.62135493135
0.879422661184 2.05479057972 2.50342419251
0.884051851716 2.20402248022 2.55620874712
0.851249013015 1.51039515281 2.32673397436
0.756213785332 -0.460228963416 1.72694004883
0.868602657747 2.38501607934 2.63767939314
0.792766076951 0.654169998061 2.07500007381
0.762607064937 0.25432497346 1.96395247802
0.715439054705 -0.877219900803 1.63056777126
0.753644589889 0.245148788007 1.96949439719
0.801827727258 1.55516818325 2.38819405998
0.787716412058 1.38713184885 2.33798098915
0.750142900399 0.496979868207 2.05877438739
0.828319059936 2.61171670143 2.75733000528
0.718212031955 -0.0376806757738 1.90638012648
0.763467385737 1.18939617443 2.2917882308
0.811885600516 2.55816093117 2.75117509482
0.724369946405 0.299135957253 2.00958605179
0.704366866572 -0.141382449891 1.88530122511
0.759725162245 1.31891349353 2.33889087506
0.807856841491 2.62094044968 2.77763386406
0.672944818898 -0.839869861857 1.68566784841
0.698283846978 0.340785322154 2.0547462177
0.662193358692 -0.629773348511 1.76616312409
0.650049738181 -0.94060588091 1.67529490191
0.69982370077 0.468227827987 2.09599609074
0.697940999315 0.559556349628 2.12981050104
0.703960695714 0.923035296164 2.2508185326
0.724372431549 1.60778052888 2.47554216217
0.676813947791 0.346224237435 2.07681112777
0.676168436509 0.424549897146 2.10494486874
0.641402691296 -0.316956007081 1.88888890453
0.671996365247 1.03023327306 2.31633952769
0.627631357992 0.13796672734 2.05246070098
0.629008605364 0.209967420863 2.07578449829
0.601613642603 -0.550618652551 1.85103252209
0.625530098786 0.495797430185 2.1753085209
0.569885225273 -0.855377467909 1.78501371515
0.609775517959 0.392290247005 2.15546870772
0.552800759316 -1.16868971455 1.70363831774
0.65270312401 2.08604752278 2.71137648844
0.60463192412 0.716279632465 2.26992382451
0.580286677649 0.34959993576 2.16940557617
0.618536898364 1.63755129585 2.56944918493
0.578963652893 0.428298813827 2.19743418502
0.520842779737 -1.3311116156 1.68837937547
0.619389522007 2.08217588288 2.74062281203
0.553270249914 -0.118889915982 2.03981385495
0.537154894673 -0.648011243393 1.88369461853
0.524960712006 -0.84035307727 1.83587242083
0.555680474362 0.439900787215 2.22412754936
0.544086079752 0.208687533724 2.15673911413
0.541609125381 0.291356738707 2.1851547796
0.547393222217 0.53719060996 2.26370878566
0.603344385156 2.60463352802 2.94490194345
0.59684696657 2.61270931637 2.95393264502
0.543040391145 0.86947967052 2.38022289685
0.531414683836 0.588096785976 2.29517615264
0.520592209497 0.211923418902 2.18044209142
0.490073393423 -0.718092940331 1.91015887919
0.515046652797 0.236160378303 2.19379562863
0.511311484974 0.222270572508 2.19221282375
0.569456057498 2.61644205061 2.97861234667
0.501050388042 0.16021571195 2.18114216211
0.492615990572 -0.10138381667 2.10455514169
0.509805743742 0.823740089085 2.39582814724
0.543448192075 2.6055408944 2.99425328908
0.445714080726 -1.1938998988 1.80857575456
0.477069188212 0.0748825190735 2.1784770139
0.485791577447 0.460372253927 2.29658116854
0.474901142197 0.340651788552 2.26689084678
0.48126031967 0.66355945394 2.36751367434
0.426650397271 -1.38642707856 1.76835120829
0.472411580752 0.477853889634 2.31513919389
0.464807199751 0.543518411756 2.34415498264
0.455059919469 0.329092954354 2.28108908809
0.459606043185 0.545201153503 2.34920424589
0.456431219828 0.501558414031 2.33721092907
0.435406095427 -0.373484204882 2.07367702025
0.46410488247 0.868879911388 2.45325736252
0.454226197056 0.542855840205 2.35352835312
0.46790097543 1.23703470862 2.5748600203
0.407736667556 -1.08282963869 1.88058933367
0.439826930623 0.429571848324 2.33040911719
0.398889124828 -1.21898286369 1.84830507573
0.433786171555 0.456782814752 2.34422180267
0.384018924193 -1.57159206576 1.75880740992
0.390354869544 -0.789273198755 1.98066910974
0.362543082275 -1.8281716681 1.70583768457
0.454530621764 2.53257845946 3.04621507673
0.366657109379 -1.40876092772 1.82539887898
0.400704025784 0.464058225556 2.37773611131
0.39504817881 0.492303263776 2.39262942154
0.367538293014 -0.809166543201 2.00585473263
0.388704142679 0.451157692093 2.38552104097
0.357060419521 -1.0836554308 1.93311097545
0.378227927602 -0.0276362405103 2.24003955502
0.375111381485 0.113194685 2.29031848171
0.412417016356 2.00399968601 2.89200295178
0.36270650833 -0.461591134225 2.11826219987
0.383755738033 0.76338370163 2.49304437538
0.372209881291 0.225050019832 2.32726883202
0.368216650343 0.264436423536 2.34401713954
0.365684023996 0.149413102498 2.29721370191
0.367814230566 0.490512435625 2.41860592054
0.362249384711 0.392004871873 2.39125518481
0.34616936391 0.092854575452 2.31000577651
0.341208026905 0.0604518773516 2.30438296105
0.30288698155 -1.98886596813 1.72532526192
0.335667746703 -0.0451997903411 2.27491526973
0.348168978076 0.855666021639 2.55785924818
0.331242847319 0.212247653155 2.36025784152
0.332374312207 0.315948117808 2.39563520969
0.323128820502 -0.0927946197645 2.27363229864
0.327142194438 0.292762347258 2.381559775
0.3063970633 -0.861104751273 2.05255987043
0.317052568031 0.244825705748 2.38736460891
0.287785736388 -0.845993229053 2.0767697417
0.297788227954 -0.0366213023301 2.31780425292
0.302215049259 0.516392236028 2.47883008877
0.285265152584 -0.437232139087 2.20208237233
0.292027067752 0.22481734225 2.40438280398
0.277615787679 -0.690337456923 2.13334608069
0.298217754908 0.640496369504 2.52699079981
0.286495452066 0.312577217023 2.43501444223
0.284517924626 0.300702650655 2.43654843634
0.276394350896 -0.0787726664233 2.32455536121
0.281001680246 0.709845320408 2.57191451114
0.270719944455 0.236578691178 2.42914467285
0.255378968688 -0.52546787101 2.20644704346
0.253845053519 -0.381615915338 2.2519646031
0.249058898144 -0.0800835349899 2.35005823538
0.250141695841 0.0534569685786 2.3912949738
0.248321595534 0.0850984516296 2.40371189608
0.246188682409 -0.0186018980929 2.37222603363
0.244419144692 0.00605667811688 2.3825577571
0.234677864278 -0.109398386535 2.3578036901
0.244265941269 1.03302281557 2.71250097554
0.230887696044 0.121593643311 2.4235599522
0.239033191212 0.968936918646 2.69651704071
0.203667149235 -1.82461996214 1.88038206375
0.222465570479 -0.112987833396 2.36588720954
0.223209539399 -0.0121526993427 2.39695389809
0.223409086442 0.569785037464 2.58090160039
0.212201646201 -0.135585110883 2.36950467932
0.210015552208 -0.292124732233 2.32269646095
0.209765275532 -0.210986442883 2.34909800761
0.210395436649 0.017480652904 2.41937333063
0.206638413156 -0.0861065224607 2.39075316757
0.19340565073 0.247056930671 2.50786534581
0.194138691912 0.820445194152 2.68972541744
0.180050200268 -0.287195960576 2.35446759268
0.183020330998 0.0608568532962 2.45849597178
0.18006411885 0.00570004135405 2.44595248533
0.173367269339 0.570427702022 2.6284340071
0.170964184011 0.43510483862 2.58855135886
0.161213757475 0.14211283594 2.50531322838
0.157788853315 0.496299220238 2.61980882174
0.149301344298 0.342184429482 2.58031986856
0.141548179611 -0.539023673634 2.31361706379
0.136929076454 -0.158148917984 2.43702375788
0.122945351538 -1.92312961495 1.93977434331
0.129544637579 -0.497685721892 2.34081393305
0.122550033375 0.246477462855 2.5551964904
0.118309326957 0.262424613705 2.58442344305
0.109532690935 0.106723007085 2.54516055628
0.101922205192 -1.09125166782 2.19386279874
0.107992911747 -0.00113650406642 2.51173186563
0.110842060242 0.51167964048 2.6656519887
0.101396021596 -0.540840665955 2.34931542482
0.102340566667 0.55013746253 2.68967380521
0.0943898966182 0.197773977764 2.58803972635
0.0917167580721 -0.146593518269 2.48560498317
0.0821066924016 0.306286081543 2.63256700539
0.081106680208 0.882404302847 2.81606396735
0.0690219028728 0.166995642916 2.60336703099
0.0661868243842 -0.0895817629006 2.52769122477
0.0645968950335 -0.211552408794 2.49291678929
0.0642101447853 0.869364970372 2.82711258167
0.0583611336023 -0.474441213664 2.42077154946
0.0477514658334 -1.93407527968 2.02013716339
0.0489967722681 0.141696159919 2.61587548524
0.0433389619277 0.030597510041 2.58597076432
0.0322577179152 -1.00327041645 2.29435890736
0.0282401689911 0.686010179331 2.80290249406
0.0235076933901 -0.181878274891 2.54187479018
0.0192360930898 0.0193393429208 2.60681537258
0.0184820872239 -0.566193035895 2.43419166017
0.0175792285339 -0.318252328572 2.50704698112
0.0165227359147 -0.301906820217 2.51345345136
0.013725363233 -0.275133988591 2.52488159544
0.0109492284846 0.50065385116 2.76215520701
0.00657109064106 0.222253196615 2.68136606228
0.00620647231906 -0.10200841566 2.57907111954
0.00413112411073 -0.521692737255 2.46208695647
0.00319009088538 -0.268828547128 2.5367558292
0.00317507446203 0.386666666832 2.7307392649
0.00227298772194 0.416988630525 2.74482882623
-0.00269969710424 -0.130437692236 2.58375351544
-0.00897582901735 0.0206076431731 2.6354949754
-0.0162773900591 0.7709928335 2.87340392143
-0.0223418503108 -0.348245995453 2.53211379263
-0.0285208113787 -0.0640509995019 2.62982509537
-0.0307427663059 -0.4949113503 2.50460015706
-0.0362625361022 -0.467511963177 2.51706955619
-0.041460568653 1.32273666486 3.0713495382
-0.0428752573803 -0.324658232118 2.56410396301
-0.0432932507373 -0.212503195366 2.57983464819
-0.0433578956694 -0.203929021502 2.60196463756
-0.0486254409264 -0.145535053193 2.62442535254
-0.0511797786807 0.286992433599 2.75695646849
-0.0545978844539 0.00908600289374 2.67712233076
-0.0617342667797 0.131840291193 2.72092093843
-0.0614882039302 -0.339126137095 2.58020480279
-0.0638707641991 0.230136365695 2.74956523095
-0.0695993264193 -0.0507524886988 2.6742625844
-0.0736257377613 0.213255357842 2.75804506737
-0.0717723788624 -0.570056419165 2.52519347252
-0.0751740203105 0.22644120871 2.75786586527
-0.0798594402371 0.817455152478 2.94790006649
-0.0765304441897 -0.723252965711 2.4859087668
-0.0809034502463 0.275606059759 2.78386780835
-0.0900415142865 -0.926171555392 2.44308680057
-0.096459281698 0.146485954171 2.75842297705
-0.0955295234609 -0.263941359414 2.63198068299
-0.0954472443134 -0.349159520625 2.61210257657
-0.0969680989768 -0.360275571588 2.60992922571
-0.10499072972 0.495545783913 2.87180764901
-0.111329163962 0.567316975582 2.89813017113
-0.109309927774 0.0968074334807 2.75688154596
-0.108756354905 -0.658586866653 2.53770855554
-0.112909811231 -0.481590781611 2.59146112731
-0.116907563429 0.0507925146385 2.75027384422
-0.105175170259 -1.93072748226 2.18952205558
-0.11913186693 -0.0501572899292 2.72230837978
-0.108823205596 -1.80777916403 2.22453625422
-0.122130281258 -0.0108979965676 2.73764570105
-0.126680085679 -0.0209958140479 2.72660113161
-0.131795436617 -0.229787882023 2.68204618441
-0.148974836849 -0.844761695786 2.5263670244
-0.152625250984 -0.520313603192 2.62054248317
-0.142315309435 -1.87423536639 2.24446412444
-0.169056912919 0.987077917457 3.07577077983
-0.162120841662 0.0887885840442 2.80535684853
-0.160788327615 -0.332406604857 2.6823645157
-0.157442253988 -0.765476227211 2.55773303953
-0.162089320812 -0.579845986821 2.61334609573
-0.162957445064 -0.592413673975 2.61062914057
-0.171126790955 0.112954132519 2.82160314768
-0.172890112743 -0.400810306919 2.6760191156
-0.169864117243 -0.844581938066 2.54828503536
-0.166572286694 -1.6993425512 2.3168703594
-0.200252174607 0.664373390515 3.01468667183
-0.191165769123 -0.318170156629 2.71787464692
-0.204934387327 0.806580695069 3.0626907844
-0.196160105068 -0.105075555273 2.783450081
-0.197834631519 -0.106983666843 2.77415643998
-0.207454145256 -1.45955055355 2.42294872036
-0.216756081255 -0.772625224634 2.61674934745
-0.240548179186 0.908070033455 3.12592182731
-0.222667252726 -1.36563331875 2.46361306467
-0.242967267248 -0.023796726223 2.85364888969
-0.251258498303 0.294598770808 2.95483935303
-0.252713961255 -0.0124820298175 2.866883062
-0.252873914232 -0.207941476097 2.81113381914
-0.25484989694 -0.145823746003 2.83050037582
-0.263285932173 0.00245301568605 2.88161937749
-0.275448647969 0.568064611372 3.05774993719
-0.242558910304 -1.79906463081 2.37438479498
-0.263293901991 -0.624329355861 2.7058563799
-0.269669426627 -0.290850854352 2.80282666994
-0.272074860634 -0.494448237844 2.75092504622
-0.273414373086 -0.565367740214 2.73248149331
-0.286025195284 -0.026789738421 2.88870190644
-0.28431542488 -0.145557311884 2.84996832954
-0.288639751024 -0.401619652104 2.79360678508
-0.30291298327 0.0989142440987 2.9487615077
-0.310419134683 0.263024047815 2.99880818611
-0.311726067033 0.0609191917818 2.94575067397
-0.322720748482 0.576738161903 3.10555532036
-0.286093290747 -1.96777849601 2.38026514062
-0.313416211297 -0.419660744117 2.81343621772
-0.307692654737 -0.843769221977 2.69170152048
-0.318432820535 -0.298707723097 2.85102886843
-0.312585902892 -1.0077047191 2.65318253865
-0.322867039413 -0.565113268098 2.78163078563
-0.334452900329 -0.0676329593276 2.93075221957
-0.324026355011 -0.731700249314 2.74037363453
-0.329588384219 -0.648582299024 2.76719874981
-0.343797068204 0.0955890097975 2.98773017572
-0.358244738581 0.668148253318 3.16687513269
-0.347203169749 -0.201540265153 2.9045676312
-0.337883420806 -0.751377877295 2.74793823175
-0.338558999784 -0.924920666038 2.70133180642
-0.350683607819 -0.367613786831 2.86390208842
-0.346585470549 -0.678813848238 2.77729444731
-0.375366994559 0.649691688497 3.17740165476
-0.350262196472 -0.652926862553 2.78728752574
-0.359903837669 -0.196557912819 2.92182011752
-0.397523602743 1.56670395454 3.47476464581
-0.365420309173 -0.425482525435 2.86467261237
-0.369749857467 -0.246181439286 2.91657881517
-0.369165258766 -0.476564565036 2.8535434581
-0.371795641545 -0.488349407346 2.85359484945
-0.378416345797 -0.189046275448 2.94300892607
-0.361635862915 -1.03250408284 2.6982116297
-0.382077432175 -0.0489581857774 2.98480092633
-0.378863273152 -0.251945763889 2.92404260835
-0.391731944479 0.265067999681 3.08444601361
-0.401778656517 0.530984431538 3.16892595299
-0.404383817881 -0.0558093857658 3.00506364228
-0.402773666004 -0.248830944666 2.95115251335
-0.393853452192 -0.686117313708 2.81759987404
-0.416177385539 0.133358356306 3.06887691645
-0.410100244051 -0.249502417296 2.95839038683
-0.415451983422 -0.447375273387 2.90860772438
-0.38734992768 -2.01030553423 2.48144307138
-0.424779803556 -0.630196762165 2.86962831351
-0.439825381549 -0.224249043788 2.99375768304
-0.480426222618 1.16211640948 3.42463178964
-0.456201670957 -0.169591136589 3.02619564523
-0.444264343773 -0.758273964731 2.85768452319
-0.466339759724 -0.292758771966 3.0027323404
-0.472579396725 -0.067730694649 3.06973688697
-0.481176807992 0.258758483552 3.16959930375
-0.427078064567 -1.94381709343 2.54255885325
-0.476811198459 -0.357502402668 2.99467781834
-0.482381377589 -0.501143428764 2.96345673286
-0.495648737482 -0.191981511183 3.05886908839
-0.498450666415 -0.317644579482 3.028029188
-0.502286277614 -0.286989290953 3.04115547573
-0.556221272117 1.34457126356 3.55327564501
-0.518095634055 -0.149619176987 3.09326678731
-0.535704940643 0.465677076094 3.2786459674
-0.548287866074 0.297286268692 3.2461756259
-0.534400698708 -0.420777374531 3.03703497504
-0.552948718086 0.101316746393 3.19573005027
-0.551098218215 -0.313323820721 3.08443743376
-0.552370019251 -0.341158440504 3.07138232656
-0.584557447171 0.687269266141 3.39039931308
-0.557621141984 -0.228094952867 3.11347353038
-0.557688993643 -0.234740921668 3.1122295836
-0.540807501609 -0.960027216971 2.90463285964
-0.593308612815 0.55914126079 3.36382229766
-0.57445059393 -0.362033520494 3.08708667802
-0.586627722528 -0.00891727947194 3.19954517193
-0.58528591204 -0.206790058879 3.14593455573
-0.616467576768 0.372428196268 3.3327246321
-0.567005473034 -1.16578161307 2.88266444427
-0.606838879645 -0.255982789316 3.15443598576
-0.60455822161 -0.434289212973 3.10704309229
-0.602829382871 -0.713249253436 3.03108266173
-0.618771917232 -0.256848265268 3.16517951802
-0.607810571427 -0.608123466032 3.04859590914
-0.609263403392 -0.606296331652 3.06674799002
-0.633563808971 0.0740110582702 3.26954025084
-0.628933830109 -0.205462989642 3.19121747889
-0.620525170374 -0.647965635428 3.06982624283
-0.586156507623 -1.70746352641 2.7724000889
-0.630979721437 -0.472735140945 3.1222301548
-0.577887964738 -2.02259115162 2.69244518058
-0.663964254143 0.329968343388 3.36808382358
-0.697411142685 1.274805496 3.66605806918
-0.654431523052 -0.171301762679 3.22457528808
-0.668641890294 -0.0187478483819 3.2778723866
-0.694434619166 0.605132953985 3.47461449481
-0.687248665719 0.375284456973 3.40282580159
-0.676578194142 -0.221303083205 3.2343491603
-0.682651856457 -0.101966676117 3.27106639591
-0.648316917989 -1.08350598228 2.99020526936
-0.67982544227 -0.349474840931 3.20472607439
-0.64823624629 -1.26020524897 2.9457090459
-0.665158235882 -1.07068190025 3.00981081676
-0.667579805592 -1.07440407399 3.01187023789
-0.703777897958 -0.184184428529 3.2713842145
-0.649978543785 -1.80339769139 2.82307329305
-0.715456917175 -0.188805033002 3.28289372295
-0.73438296983 0.175619491041 3.39688002906
-0.688467056635 -1.06898623942 3.03500501692
-0.690253490703 -1.06400850304 3.03819565732
-0.703594918012 -0.816747146474 3.11192228319
-0.704940704646 -0.813830501078 3.11609799624
-0.725929057963 -0.307576919794 3.26240652437
-0.760580658464 0.428258472524 3.49008591332
-0.787858741667 1.09391646144 3.69907060182
-0.74180410574 -0.148673511603 3.31920330723
-0.75408835452 0.119492285948 3.40113012493
-0.74116002421 -0.309955351937 3.27800811963
-0.748342884012 -0.159495888946 3.32199272745
-0.737819905639 -0.507683426715 3.22342621771
-0.699991067136 -1.44640403711 2.95876544354
-0.691730159056 -1.66662310277 2.89982238776
-0.754285881082 -0.316591183508 3.28834206876
-0.701052141251 -1.61903100512 2.92018882859
-0.719265271842 -1.22495908352 3.03352589816
-0.749485291233 -0.50400304889 3.23743837013
-0.701611982652 -1.73137585403 2.89740280734
-0.717535860463 -1.35467599554 2.99841580345
-0.786070029865 0.136491367772 3.43898868098
-0.768353774725 -0.408837685636 3.28184030765
-0.771294477391 -0.401536347584 3.28676366586
-0.774628745641 -0.410048491141 3.28820519943
-0.776108651878 -0.444908124183 3.27830478244
-0.806461524243 0.262346150292 3.49192664566
-0.827370709178 0.467887552541 3.56620357718
-0.796794131729 -0.311405589484 3.33314196379
-0.809567282565 -0.142038189019 3.38817647858
-0.802190072381 -0.382282297357 3.32158677604
-0.798970474497 -0.488657480002 3.28635047888
-0.809831670015 -0.326319894033 3.34298909401
-0.792170413067 -0.723118045865 3.22727311241
-0.737722608424 -1.9435098917 2.88828666752
-0.753903268454 -1.7022734467 2.96021617056
-0.831213543923 -0.0829550950944 3.42617903071
-0.760529923129 -1.83250106678 2.93855411855
-0.799950732645 -0.994591203954 3.17224373908
-0.825102445708 -0.535597195032 3.307317086
-0.879104624843 0.508984675854 3.62607882143
-0.856206285767 -0.167615527994 3.42879921227
-0.843916493694 -0.548779427619 3.32288952276
-0.875944392616 0.0116595085983 3.49367789785
-0.817452937453 -1.24873202353 3.13008509384
-0.870625063081 -0.327565898451 3.40449378648
-0.90209762036 0.233091423592 3.57782816371
-0.886412447034 -0.250959976608 3.44075554397
-0.907952260549 0.183461243634 3.57110925018
-0.906945547869 0.138194651182 3.55772731077
-0.945194772465 0.761858459822 3.759190247
-0.960650233949 0.981595166659 3.83228335331
-0.879116530235 -0.691984546543 3.32591938905
-0.833109717638 -1.77711829565 3.03062290195
-1.00329843547 1.5615309722 4.03263238681
-0.959088983085 0.580419619781 3.72243899765
-0.913427770091 -0.340901027162 3.43660551341
-0.858885130874 -1.66229697544 3.08428642052
-0.946862809903 -0.045080987219 3.55185077272
-0.933886847212 -0.315420409952 3.47246661804
-0.990137863549 0.689737499366 3.7828045486
-1.00094710981 0.787486320231 3.81954827532
-0.948327664597 -0.283064557366 3.49696521093
-0.952026866868 -0.28363310948 3.49813002149
-0.890908535895 -1.48556080975 3.15693881114
-0.904678173722 -1.22653261519 3.22907228744
-1.00128567317 0.615981606333 3.77512512538
-0.905880905342 -1.22727010962 3.23039529316
-0.95836189797 -0.239067846944 3.5166326299
-0.960697866724 -0.288017966188 3.50620002021
-0.915507472285 -1.23331906491 3.23902600512
-0.99837743682 0.328970789944 3.6967675296
-0.9709930443 -0.290868579594 3.51590557591
-0.929385299734 -1.12734091772 3.27786322694
-0.96407169052 -0.524678833136 3.44754629837
-0.959233103669 -0.617493963802 3.42652053715
-1.00316988946 0.144356731245 3.65567726808
-1.01247751017 0.00317132071994 3.63003661147
-0.980235398567 -0.604438990996 3.45220109377
-1.00096716819 -0.276598583315 3.55110881215
-0.997098894019 -0.369067582093 3.52494100889
-1.04023686624 0.395191399389 3.75475717367
-0.942872218189 -1.51274532094 3.20856708752
-1.01232773402 -0.285164591293 3.56041512761
-1.02034670701 -0.284415994636 3.56964178985
-0.945956910861 -1.64256595981 3.18404261879
-1.01675809049 -0.439018352103 3.52867439273
-1.09189168816 0.760221178075 3.89984382581
-1.06651104664 0.297171469633 3.75730520815
-1.05848823871 -0.0922567295348 3.65407598309
-1.05219407627 -0.284596604166 3.60129441554
-1.07093746532 -0.0110822358079 3.68561692539
-1.04699214001 -0.586787813013 3.52537355432
-1.12452329014 0.705212128966 3.91918239086
-1.028581343 -1.01776016432 3.40684257852
-1.07351365471 -0.361201317418 3.60431274578
-1.02221262841 -1.23624258966 3.35438728482
-1.0680065477 -0.475066406107 3.57298929943
-1.01623610496 -1.37948373364 3.31719424009
-1.14604152536 0.773296462025 3.95521060575
-1.08055667195 -0.434574847835 3.59485438955
-1.13566659658 0.476809985033 3.86804797545
-1.08007133919 -0.491671506677 3.58101673546
-1.07929051211 -0.509476760601 3.57605678028
-1.08458238987 -0.47243398919 3.59059503783
-1.07799149297 -0.585671059888 3.55861776225
-1.10946973829 -0.135346925493 3.69475771846
-1.08278129953 -0.582919926672 3.5644799437
-1.08462815853 -0.582665202852 3.56660531208
-1.14718922402 0.422563085406 3.87031763606
-1.08992320624 -0.579137630514 3.57160825766
-1.04974915205 -1.26821309066 3.37646001997
-1.10394617389 -0.431292755376 3.61999272942
-1.09577836261 -0.60537692404 3.57242846239
-1.04591306532 -1.47341295113 3.32974852209
-1.11186160573 -0.405706765271 3.63151456594
-1.11565855707 -0.382976883686 3.64172101503
-1.07257245722 -1.14452207184 3.42941570193
-1.15243416512 0.0379445577406 3.77899565826
-1.12566342819 -0.404584560444 3.64654911653
-1.1243789199 -0.441366213904 3.63856331803
-1.07581830012 -1.25758024321 3.40758914092
-1.10943842809 -0.808340337947 3.52347965681
-1.17142239927 0.178169807932 3.83189085603
-1.16873190233 0.108807414188 3.81364749386
-1.14261833729 -0.324215272022 3.68167801972
-1.13199332726 -0.572365185889 3.61388522876
-1.14771338973 -0.423403069263 3.66541888903
-1.09689429036 -1.23506085257 3.43475803595
-1.15683692655 -0.292349686677 3.70604039994
-1.13971295426 -0.594560821719 3.62001124069
-1.14852690442 -0.456798456916 3.66005387561
-1.25837333505 1.24352952869 4.18733489703
-1.13625257695 -0.714685653367 3.58954115982
-1.13770025504 -0.707840577773 3.59180967424
-1.15217479022 -0.48181249725 3.65778326551
-1.15450685275 -0.521480436991 3.65195074079
-1.28218452588 1.36583192754 4.24253717698
-1.21535069941 0.168767535945 3.87351099797
-1.22349259093 0.284888846175 3.90609914299
-1.14911560673 -0.910971645188 3.56010028284
-1.17695629889 -0.521594837097 3.67505562567
-1.22213452755 0.16880799059 3.88118721119
-1.12353211649 -1.34438599382 3.44013955772
-1.17795756338 -0.519702743536 3.6779731885
-1.17819186918 -0.518445228774 3.67692084599
-1.17842053842 -0.52351518052 3.6758630642
-1.17934623696 -0.522549530913 3.67763577667
-1.1900555177 -0.36801029889 3.72153710794
-1.17996376636 -0.528550468514 3.67608525853
-1.17508636375 -0.615848132608 3.6553260556
-1.19562637885 -0.312634934673 3.74010207959
-1.17967970623 -0.563582509248 3.66880668889
-1.18786529782 -0.492439828867 3.69390254067
-1.19796495286 -0.340948964325 3.73610716346
-1.19126171762 -0.492689836579 3.69709941564
-1.18963311386 -0.526559219605 3.68675459605
-1.19212307194 -0.495747149411 3.69594611797
-1.19265677106 -0.48946314096 3.69812450256
-1.19704373563 -0.437367036175 3.71442045024
-1.19438272997 -0.496551292487 3.69821757553
-1.21259645825 -0.337008329098 3.75185035472
-1.24697835161 0.175271155404 3.90628392316
-1.22247404217 -0.296483991065 3.77008398628
-1.17280406508 -1.03644158147 3.55807101089
-1.21396218158 -0.553158977126 3.70604789472
-1.21660641116 -0.524051137671 3.71580942411
-1.22358718822 -0.453148567099 3.73960531088
-1.2359318731 -0.325305831674 3.77844225353
-1.12712133765 -1.94370704772 3.3262644913
-1.31315814606 0.738686572012 4.1080194099
-1.19808047292 -0.971633556363 3.59945424027
-1.25772909826 -0.100534801026 3.85354722038
-1.23433618197 -0.469820265433 3.74676804462
-1.21058947708 -0.848804703016 3.63766771761
-1.22934537685 -0.592910890715 3.71344199783
-1.22772485276 -0.617816593675 3.70530711786
-1.22964776923 -0.597849936771 3.71401310034
-1.24596697936 -0.363504769473 3.78115243464
-1.23215669051 -0.611009336795 3.71273446708
-1.23420863994 -0.588895374953 3.71926801577
-1.20950648261 -0.951087331592 3.61560285254
-1.29671868522 0.272110657106 3.97773031453
-1.23164643353 -0.721973772365 3.68674622342
-1.2378279953 -0.685751182132 3.70126571539
-1.24178705145 -0.64575719596 3.71404143232
-1.23124062822 -0.801290355924 3.66923629899
-1.25612953738 -0.54969472923 3.74923944284
-1.27403720048 -0.320069980624 3.81976380378
-1.31445717799 0.239335244429 3.98755750841
-1.26297623377 -0.533517189055 3.76066697217
-1.27883019776 -0.344099796154 3.81975413588
-1.25807882683 -0.644930457908 3.73071983394
-1.21208461194 -1.31880861413 3.54216562589
-1.25410745162 -0.770261194415 3.70080484572
-1.24119722324 -1.00750321465 3.63650008386
-1.29437111333 -0.280571322434 3.84876975827
-1.26533947049 -0.693338668677 3.72845920749
-1.42659146267 1.56168518111 4.43079528824
-1.2714364257 -0.672338072756 3.74098811439
-1.26815753081 -0.719944612025 3.72668318518
-1.2657584471 -0.791118914891 3.70819857399
-1.27803643155 -0.624620934623 3.75732546685
-1.28377991472 -0.557315277181 3.77538742398
-1.27958182878 -0.725165874265 3.73704646279
-1.26793267578 -0.9052623305 3.68650110449
-1.31050325934 -0.381869209882 3.84281895331
-1.27868098077 -0.870559621216 3.70459442941
-1.29197566763 -0.710267233273 3.75260698441
-1.34382191908 -0.0175138098511 3.95277854502
-1.28146984631 -0.920017294334 3.69797132475
-1.3139638656 -0.485941673725 3.82366208109
-1.29653630794 -0.813877078153 3.73896943676
-1.33224606323 -0.334332722739 3.87249973158
-1.34837759367 -0.119083323121 3.93753136842
-1.31083091605 -0.6389727291 3.78825131003
-1.30173518346 -0.820734090971 3.74072210247
-1.30277192034 -0.820006438706 3.74206880506
-1.44546940504 1.09501774101 4.31789707528
-1.31600897198 -0.695331779271 3.78011679722
-1.3048788876 -0.891083524051 3.72855760606
-1.35543521542 -0.269412459363 3.91271464211
-1.31946064195 -0.77247450423 3.76958978917
-1.32984264202 -0.661424903664 3.80338551471
-1.35134317142 -0.532367260251 3.8517695376
-1.34735028919 -0.598358334577 3.83465539277
-1.35875044017 -0.488656541889 3.87071658587
-1.47297305266 1.01809536984 4.33527394033
-1.29019080913 -1.4291219869 3.60502388905
-1.3640680642 -0.458209393534 3.87551124512
-1.36296621164 -0.47356906426 3.87706098077
-1.39903832134 -0.00776964063415 4.01769582752
-1.41520106645 0.156037695397 4.07038259233
-1.36529792538 -0.553060468915 3.85207814149
-1.37547021724 -0.427700767251 3.90093422123
-1.40405979737 -0.0607428836137 3.9869685839
-1.38491945904 -0.306386690709 3.9357205548
-1.35383798176 -0.801532669973 3.79979087394
-1.36333462307 -0.679507219156 3.8343640484
-1.36115867482 -0.710607346386 3.82574561296
-1.37361760883 -0.685378292247 3.84368824376
-1.3721699681 -0.716164726842 3.83631827981
-1.42299939244 -0.0593617985179 4.02602737968
-1.37921381768 -0.674539322918 3.84872091957
-1.40868413495 -0.309903700162 3.95979404789
-1.38118715524 -0.678593045005 3.85305762759
-1.39694103128 -0.617186771215 3.88334151124
-1.5109396926 0.824748988386 4.32422458654
-1.39614579802 -0.683712669798 3.86807871153
-1.5033471655 0.601318283758 4.26199923219
-1.39150277926 -0.835373286543 3.83107182974
-1.41215673371 -0.616479901158 3.89487440768
-1.40002033338 -0.800534551147 3.84906167658
-1.40483507163 -0.753525984869 3.8631715408
-1.43801924353 -0.364436845806 3.97711493774
-1.40511017991 -0.783774543085 3.85735709144
-1.4345139764 -0.476154343966 3.94758550367
-1.37519343952 -1.23462065109 3.73507275219
-1.4867473346 0.126018674148 4.13754690661
-1.38995096254 -1.12141400379 3.77390511812
-1.36670713631 -1.43145988595 3.68722625271
-1.44269859072 -0.554164044578 3.94403979925
-1.35799565157 -1.60938546959 3.64487142142
-1.43019786913 -0.746835320153 3.8913319196
-1.42591798288 -0.813209363691 3.87303682379
-1.45817019288 -0.423046133403 3.98677457923
-1.42263611165 -0.87006072339 3.85753452629
-1.47165656905 -0.336948472606 4.02017076265
-1.38953494572 -1.39139055993 3.7217499959
-1.44354556658 -0.829077776676 3.8887165251
-1.59447686056 0.999759071759 4.43976595103
-1.46764552606 -0.635988847782 3.95098343448
-1.47105646349 -0.650399221909 3.95186163554
-1.47396659191 -0.633642344312 3.95977390566
-1.47596569391 -0.736046018396 3.94149846694
-1.46433918765 -0.923291217396 3.89206676531
-1.54078380299 -0.00643762600116 4.16223332497
-1.45268760491 -1.09619026547 3.84516635412
-1.58969847235 0.533724410842 4.33192292226
-1.49187223325 -0.671878852392 3.97106519352
-1.33837494811 -2.50299693895 3.47040976147
-1.5063076517 -0.513688477701 4.01749868087
-1.50787293971 -0.577356529341 4.00736464606
-1.61791841796 0.70929574158 4.40050362135
-1.53568643367 -0.308895131289 4.09168447933
-1.51489047476 -0.658378023661 3.99865699899
-1.5309038264 -0.666785164907 4.00614890742
-1.54835969177 -0.549637318675 4.05630670195
-1.54930248258 -0.601691243295 4.04473102726
-1.55542291419 -0.595510657861 4.05409704844
-1.54514744254 -0.718421576028 4.01792762357
-1.56568070508 -0.499014839792 4.08363379776
-1.65952439254 0.562547337582 4.4052884139
-1.51622150663 -1.0968924824 3.91328822061
-1.47533027366 -1.60147138649 3.77714671144
-1.71194641972 1.02483774982 4.56680046873
-1.58095089352 -0.49335001441 4.09220231105
-1.56211185736 -0.736698090888 4.03155598616
-1.55265297825 -0.885104919435 3.99396554173
-1.736619913 1.20207137941 4.63272451103
-1.60765528878 -0.286653951116 4.17203824528
-1.57516200864 -0.684558819199 4.05852317672
-1.54987168473 -0.973479981579 3.97331783489
-1.51790332711 -1.37230847058 3.86535104577
-1.62016462697 -0.223087455964 4.19824004634
-1.60734146549 -0.38299823119 4.1489663141
-1.60016770019 -0.479782920399 4.1207740551
-1.59894051025 -0.516508130218 4.11443197466
-1.60089236692 -0.513899519715 4.11784128416
-1.60880252281 -0.494214983534 4.12868861178
-1.60340870227 -0.588171294211 4.10505698415
-1.78482546328 1.39311981595 4.72587367509
-1.52642761632 -1.53734195863 3.84511136763
-1.56704760037 -1.11138538868 3.96619297566
-1.54489357831 -1.40767327915 3.88812437209
-1.65602474891 -0.183665852317 4.23942462916
-1.59632210359 -0.877082860689 4.04080231064
-1.52261443011 -1.83939525193 3.78940313861
-1.60966589943 -0.925339446192 4.0463547346
-1.46051282607 -2.5549650822 3.60618223177
-1.83546595814 1.50279543046 4.79945893182
-1.70801750792 -0.0760693970014 4.31649072339
-1.7400165324 0.178888168392 4.4045785639
-1.52913855945 -2.14838704327 3.74653042931
-1.71306011857 -0.192686074448 4.29893850418
-1.65527462131 -0.815398880341 4.11645589438
-1.66725959094 -0.811985841394 4.13017954829
-1.5671754404 -1.93731574722 3.82339241459
-1.67407294674 -0.815802620493 4.13594710376
-1.80467113147 0.530908770014 4.54458326293
-1.75745859086 0.0229000239318 4.38847701953
-1.81020733427 0.570468405077 4.55869159246
-1.63533159391 -1.29228341978 4.00780393805
-1.67707473323 -1.02125928777 4.10198844184
-1.75437178545 -0.307725596685 4.30807947812
-1.68807145385 -1.01792674535 4.1118884358
-1.70856186096 -0.807990845236 4.17331572213
-1.60959473509 -1.83424875622 3.8879686519
-1.74953098631 -0.404311468918 4.29538767375
-1.71406208246 -0.80476235448 4.18029474994
-1.63781462441 -1.62248103502 3.94863908149
-1.75489408019 -0.448851306653 4.2908443101
-1.57866950744 -2.29618116561 3.78150994065
-1.77402227138 -0.358311427233 4.32887775072
-1.68601591699 -1.30719978729 4.06001748136
-1.86992712567 0.536356121445 4.61004138042
-1.90552041214 0.846575414473 4.7133014905
-1.81773642583 -0.119049324179 4.41892483726
-1.95437539007 1.25711759923 4.85432674525
-1.72710605911 -1.07667191449 4.1450288041
-1.83686367844 0.0109250278982 4.464178314
-1.79700241603 -0.598432595679 4.30663217891
-1.84712613982 -0.129763465827 4.44585876829
-1.74557133935 -1.14324160633 4.15293636359
-1.6218314259 -2.49053550502 3.80348782331
-2.01123722263 1.3313065433 4.92734639138
-1.7721910252 -1.04917196324 4.19933036724
-2.02872696965 1.39701482929 4.96040019874
-1.81061469107 -0.789839817416 4.28622173206
-1.93565116774 0.42791392226 4.65334718672
-1.81943885901 -0.825938106922 4.28856609643
-1.93212873631 0.188448552952 4.59375072808
-1.76095078322 -1.47202513652 4.11489933804
-1.86496378182 -0.489941830158 4.39842740713
-2.06726369346 1.42470423697 5.00151461638
-1.9429344645 0.185297562419 4.60844040705
-1.69553664199 -2.22136057676 3.92666974966
-1.76850121272 -1.56041785304 4.10850888219
-1.86065031815 -0.74626410192 4.337927682
-1.79409483499 -1.40371648268 4.16372749954
-1.94901987012 -0.00391797117873 4.57669886999
-2.0976651712 1.28635994865 4.99916598397
-1.9690696455 -0.0153977868514 4.59541768497
-1.795387687 -1.78924626206 4.10336878743
-1.74889708201 -2.3302824538 3.97327226943
-1.93062804043 -0.721484716866 4.42544710998
-1.98423333842 -0.286406654906 4.55911226414
-2.05832167523 0.34058057245 4.75703271683
-2.09250224198 0.599943208414 4.84399224827
-2.08063777515 0.481446956678 4.80638111086
-1.94810066087 -0.871118227789 4.41897089548
-1.94346325012 -1.01094137433 4.38627344491
-2.11057958312 0.286073272854 4.79919790808
-1.98644881073 -0.864827805835 4.45843365447
-2.06115172116 -0.203005316062 4.65460706142
-2.02454544649 -0.853679564025 4.50222407292
-1.88244765701 -2.12256127384 4.15491061607
-1.97548167118 -1.3939156671 4.36400433068
-2.162248551 0.125174953439 4.82046958925
-2.03525326204 -1.08573856514 4.47653147733
-2.1730331629 -0.0161342317368 4.80469973473
-2.02436057147 -1.35494943747 4.42438983788
-2.04314526217 -1.27292782283 4.45656884079
-1.99892479336 -1.72208060301 4.3380518064
-2.10508813955 -0.992299030687 4.56600931503
-2.18082639804 -0.393463257183 4.74597794092
-2.15877244471 -0.698473314163 4.6713195179
-2.23054747398 -0.495820140888 4.77982584285
-2.19724341267 -0.82486055796 4.69199052919
-2.22174510592 -0.672868475495 4.74220337177
-2.37010958705 0.328914650622 5.06812020879
-2.31621861843 -0.284694667624 4.90492732059
-2.37442674275 -0.014285334708 5.01116268485
-2.36518310817 -0.15990937574 4.97680980691
-2.34161978125 -0.39338146135 4.91450204559
-2.24394681505 -1.1805696141 4.68828053227
-2.1154167433 -2.24502088626 4.40763465899
-2.50374107157 0.555624650714 5.24461569186
-2.43421731918 -0.0596932805507 5.06466980798
-2.48141954945 0.0851974288053 5.13813183463
-2.46238156256 -0.0696091100157 5.09221798612
-2.52962527265 0.291833479851 5.22218501902
-2.48369383388 -0.239482111497 5.08774085256
-2.47755887693 -0.369866774619 5.0587278952
-2.53507534935 0.0183526040641 5.18140487437
-2.63404471486 -0.068168661419 5.26823048448
-2.78432237199 0.765054659802 5.56200630563
-2.65945310865 -0.126678807392 5.28594727753
-2.80237952841 0.573093408053 5.54612833199
-2.74397406417 0.0840820616162 5.40583488417
-2.72721890802 -0.0364963345173 5.37006988656
-2.67537716221 -0.565003347123 5.23736568991
-2.81944818464 0.153876175502 5.49380417975
-2.82387856643 0.14815875272 5.49730322493
-2.82474522134 0.141696792577 5.49761194161
-2.82620324426 0.150803668668 5.49970326963
-2.94044084191 0.778695932836 5.7174280348
-2.825946351 -0.0566302976777 5.4663156864
-2.93924435282 0.458564544538 5.66211936046
-2.97906168502 0.641183812965 5.73279319816
-2.99930915243 0.742509782163 5.76991131539
-3.01821806845 0.71592974457 5.78438890047
-2.79043471272 -1.03744869369 5.29944886986
-3.12826093152 -0.102621927384 5.77186266146
-2.79255340621 -2.25936460564 5.19005479553
-3.3449186019 0.756423165217 6.1142531516
-3.1704426126 -1.24687249973 5.69008758514
-3.53988595332 0.770302240204 6.30941092688
-3.38576116125 -0.255909215484 6.01978555446
-3.38501631219 -0.271432697186 6.01782772944
-3.09975697823 -2.05402092323 5.55316968144
-3.1194299884 -2.02298521035 5.57714763423
-3.36780575261 -1.34808461632 5.89827982304
-3.90073054454 0.018023094579 6.5771154732
-3.29911359916 -2.93166659206 5.75773332966
-3.38478284476 -2.96841514131 5.85993991699
2.15072741181 -0.394939331108 0.410355193342
1.65956275903 1.03955160818 1.41600536678
1.63539934125 0.789674199661 1.34561824739
1.57805615606 0.749919087433 1.39410981232
0.419891141358 -0.384324876491 2.08250918378
0.378850750549 0.0794096726557 2.27751551014
-0.0205270396431 -0.470718637843 2.48745737305
-0.79014715672 -0.441823839908 3.27969510693
-0.843378383188 -1.69713535392 3.04101386857
-3.51808951871 -1.65254044716 6.03893007604
