3.58466314129 -0.586002088574 -1.02491880081
3.32186433495 -0.460835695264 -0.736543335336
3.52441820449 1.73686439414 0.12628689072
3.40146481272 1.37582894933 0.053074942083
3.07447662026 -0.376050808233 -0.481026825597
3.17750638815 0.254048728073 -0.283887684043
3.09292757407 -0.00165343023422 -0.327199962375
3.03398738534 0.252247591067 -0.162071701774
3.00734168962 0.142105857301 -0.188905244399
3.02740544202 0.417568099439 -0.0804679033064
3.21582644908 1.68097927353 0.342459214108
2.89548831763 -0.296750854348 -0.286465945748
2.88338569569 -0.119716664105 -0.197297719389
2.71524111489 -1.16536247204 -0.50310997405
3.06744439189 1.14430966385 0.214643507916
2.99435756974 0.743842818813 0.0933770529451
2.95332775066 0.679346493729 0.0992093051182
2.7707987849 -0.440826097203 -0.237814364333
3.07299980818 1.61698787022 0.425793536204
2.70721196462 -0.740432641794 -0.311120618789
3.07543588269 1.79271083756 0.505068789143
3.06884818289 1.7503704952 0.489879513936
2.80508318194 0.0720125465493 -0.0429386725717
2.7407864879 -0.266720118871 -0.134224441493
2.59745665879 -1.19094976219 -0.403240124762
2.73667326526 -0.218377787 -0.110156137896
2.67161503683 -0.447696486542 -0.151900373784
2.97906228302 1.94885568359 0.652718567873
2.57079842514 -0.776504244816 -0.201478007487
2.71244017908 0.259213295761 0.119654541862
2.69201251101 0.122488250438 0.0779936324171
2.75812970686 0.599887800611 0.229560029673
2.60494345493 -0.429838729225 -0.0837321276084
2.65141887448 0.167519183193 0.13364831897
2.49579429321 -0.889292010372 -0.179016026566
2.55074294923 -0.260610323188 0.0372423498942
2.61686683354 0.522754148928 0.318328541384
2.43022969264 -0.787781660407 -0.0739886490297
2.55690984248 0.226216396591 0.240456274547
2.42334610243 -0.638808990888 -0.00561782746937
2.50949643058 0.0573731958529 0.210201589243
2.43826921234 -0.309739203989 0.119813616143
2.52097824653 0.381332141086 0.33836384686
2.35782111233 -0.721751774273 0.0207322004874
2.56859366503 0.898095241563 0.521432953724
2.43785465654 0.0435457886486 0.266339727528
2.60585033018 1.35275698036 0.689056147092
2.30088603697 -0.68721515772 0.0880673864196
2.39246785938 0.0260913130005 0.30027617292
2.58463819707 1.55318847054 0.795444924956
2.30518538426 -0.542329356055 0.144457182484
2.6584023138 2.29050937719 1.060423932
2.27229814289 -0.751211434873 0.0892265621963
2.36957225447 0.0210250498424 0.321763825017
2.41326439324 0.415331527435 0.448521443981
2.40700566878 0.370706771834 0.434321247759
2.35939110381 0.0712930703901 0.351488366674
2.36394538542 0.193556733989 0.399142706821
2.25532103395 -0.662759581603 0.140983099849
2.49149493383 1.31144923463 0.765756204955
2.35242574188 0.204290602441 0.411055955554
2.56870511584 2.0892458662 1.04238846101
2.16928156644 -1.07179706 0.0552265029978
2.3179259199 0.151691618854 0.415110231966
2.35208516297 0.442211503668 0.513631884505
2.33082735129 0.275144427638 0.461351557096
2.33466652051 0.413482994469 0.516628984944
2.31029002511 0.22995892023 0.460994889953
2.46044341693 1.47171214438 0.861572694614
2.23736062917 -0.339609347001 0.290547319445
2.2381422829 -0.230619356843 0.334503197749
2.31984467968 0.494984062832 0.56393762028
2.29998932671 0.344790969393 0.519692228231
2.30756504429 0.431047140825 0.548019197409
2.22036358772 -0.277920342623 0.33283398903
2.27364433485 0.210138956341 0.48538804269
2.12298547097 -1.0049657058 0.12701860699
2.27043986418 0.230221548224 0.499938141465
2.37396161029 1.11206476437 0.780401242259
2.22776573878 -0.0914306750854 0.402845513039
2.35890806577 1.02702283938 0.756887404652
2.30015405693 0.569854179644 0.612852141463
2.2532570099 0.19585694344 0.498216991035
2.10731625217 -1.01875513584 0.136810861829
2.26248937396 0.320004476182 0.5423736236
2.20894689374 -0.111102400164 0.4110489582
2.24838139592 0.274307895845 0.534819052793
2.24460472137 0.246003317632 0.525702624877
2.22837981249 0.126477764594 0.49166618761
2.24528901768 0.269475136146 0.53556150217
2.45710907744 2.08238568854 1.12920390142
2.21993836247 0.0753120606984 0.476992481871
2.19595143223 -0.108801553079 0.42437175093
2.25876554554 0.440691099098 0.595840672879
2.2251824175 0.163792652638 0.510479601433
2.17917057561 -0.171855579766 0.413281701957
2.14590987378 -0.44170872744 0.333698446222
2.40144991222 1.76836463721 1.03863592897
2.21588914771 0.2302874025 0.544330227538
2.25253308207 0.57900991129 0.658791456376
2.21340648931 0.275921889521 0.566655015099
2.14207586636 -0.308259503226 0.392030881148
2.05259572496 -1.02694123956 0.185980875817
2.41492971558 2.12215272305 1.18101550538
2.24976334038 0.689305843925 0.707654684928
2.15320712836 -0.125751288762 0.45651665589
2.15734636955 -0.0702119915037 0.47487065117
2.27860961225 1.02595704784 0.824264650484
2.12678395301 -0.171260670198 0.461000267382
2.40136612814 2.27102569047 1.25765425974
2.16473396974 0.27384093891 0.609791947144
2.20331126335 0.644009257879 0.729306816476
2.13587462516 0.0604846375327 0.549185932789
2.17567936322 0.453634962834 0.673797533011
2.29464353939 1.51780959842 1.02043401941
2.21628909723 0.861018963695 0.808333730218
2.13258379197 0.138130579064 0.582083632967
2.11921565231 0.0208799940272 0.547326423718
2.08127233276 -0.307281253264 0.44774308438
2.09461438788 -0.172535792253 0.489867158648
2.1615496093 0.485308016982 0.700465254998
2.06266014211 -0.391233666535 0.431482853628
2.14552655718 0.350824575113 0.661797523488
2.37881398027 2.44836859742 1.35331113989
2.16158577424 0.509429536984 0.710618468895
2.02276302415 -0.715909645204 0.342408379915
2.10233606801 0.0289934885204 0.564946955526
2.13023796405 0.282585647236 0.644737691411
2.11394764422 0.215676076046 0.630847476946
2.07949013131 -0.0839413529564 0.539674252997
2.34310212545 2.29711776964 1.31580962962
2.1315989317 0.39705404033 0.690111540781
2.05192157361 -0.277401672197 0.487804586147
2.23496401982 1.55022526732 1.08460124115
2.13634737407 0.672976138582 0.800681134104
2.09296584993 0.303671963552 0.687089756908
2.14635434106 0.791315366137 0.840289531088
2.29024042482 2.12853957831 1.28558359491
2.18915567432 1.21355310299 0.979739630398
2.06829908582 0.127017530624 0.63729876212
2.23991784119 1.74004613219 1.16008821187
2.08693797037 0.368024856341 0.71847906989
2.09626274096 0.457065859356 0.747007993009
2.12939580186 0.766624200024 0.843801557829
2.09215048005 0.447993198595 0.746111353762
1.96780199838 -0.618334968872 0.43052129207
2.14938709628 1.05327604925 0.947284604286
1.958443885 -0.688698513673 0.411462232567
2.25936369697 2.0940602304 1.29552788565
2.20380409215 1.57863123378 1.12163011984
2.06862087499 0.333126296952 0.720905999918
2.00816803666 -0.196466683344 0.560682536436
2.07829618742 0.469785498898 0.768189709275
2.07106254736 0.409348336388 0.749149431965
2.00217527556 -0.212691739559 0.559926041931
2.25474597155 2.16292176878 1.32890730367
2.04438235268 0.235749424324 0.700593738028
2.09934564241 0.770888859512 0.872391289521
2.04739273019 0.345777194754 0.744447771147
2.23854811872 2.14659516243 1.33660110957
2.01981630306 0.127718671923 0.681203060255
2.19439060387 1.78761371506 1.21828934984
1.97274889848 -0.286573248579 0.557534148362
2.25829583267 2.41226530803 1.43437522213
2.07255984839 0.677597546888 0.858310240524
2.09813414462 0.924256251889 0.937714578528
2.0685872868 0.661768523762 0.854946867395
1.90322353476 -0.82953401255 0.408402117339
1.99197386785 0.0344632906914 0.668159258929
2.06928661831 0.774894249753 0.899439681253
1.99691681504 0.0962816458555 0.688905277828
1.97037319403 -0.118581935259 0.627583044153
1.97932774978 0.103296503998 0.707244259048
2.00901754076 0.441615414505 0.817872873115
2.09874989992 1.39754115735 1.13420381765
2.07879627029 1.21566921604 1.0744209233
1.98699507219 0.345750733513 0.799583729553
1.99916803077 0.513214137171 0.856056948692
2.06641701458 1.19131265098 1.07625982619
1.96087755692 0.18070250368 0.753007472022
1.90959648951 -0.31072911645 0.606719392954
1.80385074964 -1.29031339768 0.326323403852
2.01801900741 0.815260131576 0.962431781593
1.84668832925 -0.771259034454 0.486885721672
1.75942404561 -1.57814355427 0.259660311194
2.04252522075 1.18635660498 1.09399105334
1.99400427768 0.719519174374 0.943781693465
1.78885497804 -1.21076102646 0.371658665678
2.00534133164 0.905444088417 1.0104277656
1.92394191844 0.172910210681 0.783953244008
1.92366462674 0.177222152497 0.786692646228
1.9202111238 0.170777746541 0.786933966328
1.92610517728 0.231686191089 0.80651268858
1.92058813199 0.18002355092 0.790479641432
1.97980971221 0.781284080443 0.982797285885
2.09458670933 1.92267481882 1.35837949124
1.95089761769 0.502954703939 0.895556636709
1.82662516911 -0.707459877759 0.529588146495
1.94266807763 0.435352565051 0.874806362848
2.08435975761 1.9081230361 1.35984313386
1.87108266971 -0.199523308916 0.685324592921
1.82607218581 -0.640460865412 0.556206554115
1.74990903478 -1.38476241113 0.344106085191
1.9507404006 0.596258160543 0.932989285048
2.01639160088 1.25274524976 1.14440906257
1.85815235949 -0.286598220299 0.666389790453
2.05624074867 1.70822671435 1.29884028087
1.73988723378 -1.42256159413 0.339498391867
1.91639646407 0.319910712278 0.851387244308
1.88794522519 0.0998972241624 0.791044810714
1.97952855003 1.07626884414 1.10484741768
1.88034547301 0.0935002625179 0.795046560264
1.93290087508 0.676515606188 0.979803465534
1.91813369317 0.541705369526 0.939659402041
1.940072975 0.783571710451 1.01848640034
1.93824475375 0.785606201307 1.02090524281
1.90122195533 0.489351866588 0.933840029712
1.89220674455 0.435077053398 0.921090198237
1.91290156485 0.658053465539 0.990896757413
1.95331788553 1.15772965081 1.15979560497
1.68583444433 -1.53703800562 0.350096333591
1.85984595145 0.251912001741 0.876562543862
1.87907141021 0.456844299503 0.941239177695
1.8843151459 0.515316460355 0.959192230278
1.83802739977 0.0867131873733 0.831325232987
2.0609058051 2.41323387872 1.59344276151
1.87894134797 0.546269967837 0.976412745495
1.83875316226 0.140014984785 0.852147327044
1.90824229304 0.904507494368 1.09480578009
2.05433306268 2.45634202898 1.61773225909
1.67614255721 -1.28770109196 0.453487656835
1.96950798312 1.77146930215 1.3994702286
1.85947861595 0.670118626193 1.04336505441
1.84392907852 0.574010888387 1.01961031614
1.71011731199 -0.805654769652 0.604545660198
1.8277598172 0.427810994862 0.97518722038
1.91222798363 1.36101708341 1.27868814719
1.82467562859 0.491572536448 1.00345011
1.98376315739 2.2153794665 1.57278441661
1.95023603825 1.87839090497 1.45980059685
1.71499377194 -0.608246405315 0.675152642282
1.71784364275 -0.568868512002 0.68762615999
1.72920881944 -0.442773767999 0.724930928874
1.76884543004 0.00338986305224 0.862350422535
1.77909664357 0.135266284537 0.904940347666
1.82882948651 0.681151821878 1.07528667071
1.81551699893 0.561284932265 1.03960274574
1.90722884732 1.567934645 1.36783116745
1.96815753722 2.23667375904 1.59523958845
1.73319246872 -0.150615452939 0.835154362779
1.66635913262 -0.844412680634 0.630703536832
1.83433245629 1.0483354683 1.21862818465
1.89520884527 1.71022682117 1.43619003311
1.804590038 0.771968479217 1.13384035063
1.91977636142 2.02744728954 1.54690092195
1.71420585914 -0.140517368888 0.856516274808
1.77278185964 0.49349297103 1.05018711806
1.88889133731 1.80607435895 1.48157226973
1.76505998311 0.556902182627 1.083664871
1.83841991548 1.3970605594 1.35636478284
1.69852660783 -0.0908151823238 0.891049249133
1.92101297706 2.38014319863 1.69405483365
1.71284190009 0.0938052594745 0.945650518801
1.77223634901 0.749070343727 1.15366837842
1.72104940248 0.205455942632 0.98344033037
1.67373263532 -0.165829644722 0.885065574823
1.75711373867 0.780999713197 1.17956800117
1.69093438468 0.0516915694736 0.952679180386
1.73842390465 0.577936167316 1.11403155572
1.89068798156 2.31421190641 1.69034707123
1.63695305932 -0.511383225398 0.789944140326
1.59193668354 -0.987605278157 0.651111898496
1.71205734751 0.350351002417 1.04797730844
1.76243095463 0.934687920996 1.23592345725
1.73410057591 0.648545444876 1.14767890575
1.71196936573 0.414260447127 1.07509810291
1.80014644947 1.41476232446 1.39672870159
1.63526890578 -0.427733517257 0.820392760939
1.76373869525 1.0101412406 1.26478158317
1.71690444507 0.565949008881 1.12862761644
1.58147444037 -0.937118236157 0.679887291494
1.75412611637 1.06059847529 1.29334636357
1.74006798766 1.06507050931 1.30884852339
1.66617166695 0.23155828633 1.04470946133
1.55184900939 -1.00870844029 0.682838851135
1.64642773294 0.0894056719375 1.00724202209
1.6650749953 0.306720285121 1.07458373991
1.51270515535 -1.36679308916 0.588941647409
1.75077879345 1.36600197609 1.41896139513
1.74460523934 1.34020252689 1.4144582517
1.54286476511 -0.965543081749 0.707030061472
1.64771257029 0.257068794116 1.07271934878
1.65265157652 0.374563959368 1.1123605903
1.67251398996 0.607552158265 1.18710028103
1.56767903934 -0.555289842361 0.839790415999
1.5048388436 -1.26862626212 0.632594991537
1.61061117372 -0.0515517180942 0.986575675019
1.78697280568 2.06182723041 1.67173869642
1.65490610958 0.528273988738 1.17135440325
1.6051768955 -0.0461445936359 0.995400335807
1.71994447178 1.31072481172 1.42381084543
1.50040939576 -1.23305340821 0.650526415729
1.66232167226 0.645717409501 1.21096968789
1.60426514226 -0.00858732592492 1.00979084331
1.55789192079 -0.51146229658 0.863904600301
1.76003172394 1.87336854854 1.61744096221
1.60634035547 0.180872027095 1.0808858295
1.67262654818 1.00566081553 1.34296414245
1.61502003374 0.375522128206 1.14825355578
1.66298679859 0.962039624086 1.33297634038
1.70402232855 1.52237791998 1.5230989087
1.5208019758 -0.603841167624 0.863894403261
1.50511853346 -0.777219389697 0.815342665047
1.50971867798 -0.685396809068 0.8453286941
1.58040550395 0.207721361791 1.11758126108
1.63004894576 0.80216497789 1.30173227966
1.65497739963 1.1564113535 1.41897396966
1.55714617641 0.0440426237909 1.07478245183
1.59290767533 0.535078194677 1.23055590629
1.64153624612 1.15686333105 1.43044906618
1.64847976043 1.27533214317 1.47470091641
1.63303925914 1.15939023998 1.43978978843
1.68076666252 1.78254845867 1.6468975427
1.65639344275 1.51514217822 1.56110727896
1.62827496079 1.18223064365 1.45294920934
1.61606938947 1.04469597157 1.4079985138
1.52688613528 -0.0110150062872 1.08179467399
1.54637199143 0.248904474337 1.16185527075
1.62086679729 1.21410122806 1.47152127428
1.53121303057 0.11787671697 1.12673926644
1.46136819686 -0.692055171331 0.889398881718
1.59251826598 0.933289106694 1.38498237193
1.63699577967 1.50317884391 1.57324252783
1.61554176694 1.27225719195 1.49856322728
1.41042930714 -1.25235912103 0.734537076911
1.66383877031 1.89330771989 1.70679543516
1.53722878027 0.409161396404 1.23252063636
1.60915098674 1.31735480783 1.52324196905
1.49907446402 -0.0384049336664 1.09636055275
1.62321151104 1.53502542329 1.59778145929
1.64133065183 1.8446048471 1.70590687453
1.53025607938 0.500271084815 1.27400480787
1.4202747357 -0.848308167348 0.870945824721
1.60288104129 1.44708538434 1.58064399105
1.52619056355 0.528278218052 1.28805265287
1.52572969318 0.621799825611 1.32448649249
1.52399578332 0.619554332555 1.32516107867
1.48705597471 0.199307861709 1.19821870819
1.59324972546 1.63643564659 1.66343187965
1.63384490971 2.17564292317 1.84682335929
1.5777401648 1.50267551979 1.62372212228
1.50844195836 0.687499659154 1.36569006433
1.39490725629 -0.746426511614 0.933418647221
1.48778388133 0.463934868216 1.29682021009
1.47718182723 0.353164757639 1.26649885209
1.44397850142 -0.0382537661981 1.14817671049
1.43255855133 -0.0793931472666 1.14504590878
1.50753340201 0.913439392786 1.45212438425
1.35887961846 -1.00106463726 0.875987501705
1.39169636925 -0.568678857217 1.00289920004
1.42768808261 -0.09730385206 1.14188356631
1.43717397068 0.0583504731703 1.19150699687
1.35322631327 -1.02266264776 0.874773909151
1.33585296854 -1.18562164943 0.832574685881
1.494240094 0.903401174055 1.46332881758
1.33540300747 -1.16378412106 0.841790406614
1.34692819699 -1.00313369243 0.887362449309
1.36457073757 -0.762093990824 0.958117714954
1.41981222188 0.175635319414 1.25158950832
1.53811953508 1.76165680456 1.75987224748
1.36221802499 -0.504607734228 1.05472579192
1.52066169442 1.64614212343 1.73032510477
1.50236990943 1.48323499868 1.68076935904
1.39827992904 0.0907167965895 1.2403782233
1.31380276115 -1.03613307146 0.90931166926
1.33875364329 -0.69507341759 1.00688582603
1.5439619738 2.07239502118 1.87979091689
1.41754189944 0.432071737291 1.34966220629
1.4278902184 0.662752660027 1.42871537198
1.29758662392 -1.05740068258 0.917328121336
1.46433584124 1.21512301924 1.60971571293
1.42319510619 0.69628297157 1.44561937858
1.28942262726 -1.0562229106 0.926794812047
1.37242176219 0.0917763537954 1.26548799527
1.38105464494 0.229666785619 1.30821845705
1.45512336005 1.27306555819 1.64081602495
1.3998377626 0.514593669051 1.39927667567
1.29449355921 -0.86335830429 0.989664620218
1.38205331234 0.354335781612 1.35299702309
1.39039018407 0.498852905937 1.39985480451
1.40026628624 0.669871794834 1.45704086518
1.4299768337 1.08308082714 1.58864266399
1.47180253014 1.71449568232 1.79855208835
1.37610000471 0.389758394201 1.37081505653
1.50948656881 2.28138351152 1.99261438874
1.40856850044 0.880217769655 1.52967680246
1.33962608474 -0.0374988497914 1.24835264364
1.28835623313 -0.729266877167 1.0447196136
1.38399439664 0.621533612108 1.45360244164
1.2755858157 -0.881600159408 1.00215387669
1.46393407441 1.80728962306 1.84213626586
1.4536598348 1.72053978777 1.81645268823
1.41633676118 1.20521750787 1.64731214382
1.42519600999 1.34023983051 1.69274937973
1.34551213877 0.240806993725 1.34651607129
1.36564062288 0.544441303205 1.44096901355
1.26830546226 -0.80525135837 1.03663276073
1.44856564128 1.80851772335 1.8554904879
1.46454005531 2.03971721712 1.93448389758
1.33743197581 0.250090285763 1.35641434095
1.25595533903 -0.890547196274 1.01880937574
1.40857515475 1.29498202798 1.68920646593
1.38921048783 1.02152311619 1.60146875053
1.32206665259 0.088766904988 1.31043356958
1.3237615101 0.161466584501 1.33595795515
1.3547817359 0.657090577035 1.49420613919
1.47431005952 2.39329159449 2.06778386248
1.42214588169 1.82684016333 1.88531551847
1.42932045542 1.96804173393 1.93554766296
1.36712607447 1.1007820154 1.65216183522
1.33264683702 0.623698431466 1.50109234557
1.32756279403 0.573056081644 1.48741249126
1.37004396182 1.21398065099 1.6925471521
1.33046237101 0.702101120812 1.53378402773
1.41641869924 2.01705671632 1.96595558397
1.29194476845 0.187367918866 1.37642952238
1.28138333056 0.0503256139822 1.33556300027
1.4380048239 2.41521836889 2.10646498375
1.33841435587 0.994567958944 1.63602446986
1.24105875055 -0.426733323275 1.19964111716
1.28379891271 0.243410633515 1.40381506807
1.37916695095 1.67560591141 1.86346263687
1.40484456823 2.08859320789 2.0036414257
1.3335953289 1.0654408992 1.66768705624
1.36456267951 1.5612375234 1.8314578339
1.20045714756 -0.852920443843 1.08806801827
1.36833209413 1.76886672046 1.90911128582
1.27796755237 0.438400297378 1.48133212266
1.28936849358 0.637411538851 1.54547095795
1.26567296977 0.309703323001 1.44571111231
1.33880876292 1.41587344605 1.79786243297
1.33454036456 1.40994606781 1.79913662566
1.32448105462 1.26355259987 1.7514408698
1.32643789863 1.31002650286 1.7670068205
1.37349166539 2.0485051265 2.01485761903
1.29977624347 0.942922508807 1.65079679667
1.25579740072 0.38546930633 1.48236050648
1.35913742113 2.0350114915 2.02115118343
1.36225027847 2.19089552076 2.08046399278
1.25573869352 0.548427743677 1.54306291792
1.33371375563 1.78786018373 1.94459081286
1.24812154046 0.498799141253 1.53199776827
1.15419309884 -0.924390582977 1.10742290612
1.22328286138 0.139575606348 1.42229337711
1.33121858827 1.81917120316 1.96083456098
1.24869645869 0.543386681953 1.54840771254
1.27884711745 1.03745839661 1.70639718187
1.36665282039 2.42777242116 2.17076519744
1.19087594091 -0.275856929732 1.30208256006
1.33502213128 1.99065728192 2.02420130995
1.24327300338 0.581350385367 1.56719158467
1.25030295285 0.748405560087 1.62264331647
1.14633056128 -0.829624020046 1.14855684492
1.26321650062 1.00083678622 1.71108750497
1.21939502716 0.372281460011 1.51452656049
1.13710601541 -0.861235000914 1.14715569995
1.29702999895 1.66291082889 1.92946101494
1.14571065881 -0.653764383006 1.21210418257
1.20666785136 0.353598090575 1.51562317007
1.20914061985 0.420233013705 1.53934812724
1.1211776178 -0.950905101813 1.13133352267
1.23092036744 0.821249519332 1.66775192299
1.20906907658 0.504632825486 1.56827464328
1.21817269759 0.680466780271 1.62678185889
1.10822932952 -1.00467274625 1.12649192775
1.27557920686 1.68112879099 1.95485524852
1.13392454269 -0.584546927687 1.24746745466
1.1911264684 0.333438382182 1.52056450281
1.28257995806 1.8364029333 2.00948512222
1.17737040566 0.243857343903 1.50361148556
1.22710861557 1.04973364222 1.75759494552
1.15513038596 -0.0664764176521 1.4117595722
1.17183910796 0.224667093938 1.50238350856
1.1918119857 0.552528917269 1.60334169787
1.16283605536 0.209189495736 1.50564322337
1.25699372426 1.85071288397 2.03696712079
1.19059095127 0.803674030018 1.69645248832
1.06813618162 -1.09526261362 1.13422929842
1.22314844239 1.64539603459 1.98787444825
1.06755079933 -0.906082789928 1.2006063016
1.08353426645 -0.5451671207 1.31072357868
1.12797563509 0.227074261054 1.54424423997
1.18275836908 1.17628352203 1.84216433158
1.14576926174 0.649799698709 1.6819496782
1.1460551994 0.689319314886 1.69624413547
1.08374441459 -0.340761199853 1.38473376602
1.15434291696 0.96979262651 1.79257873544
1.03988079335 -0.92592811621 1.22154202238
1.09749064065 0.132045246656 1.53811673703
1.14112478394 0.937095954995 1.79171971178
1.09038434264 0.152324970319 1.55220873185
0.982223520232 -1.57551448994 1.06057911372
1.10553113652 0.579782831805 1.69337996063
1.09562025866 0.452624281919 1.6558496071
1.12995294541 1.09909095462 1.86277638218
1.1757333895 2.00167496331 2.1643694646
1.15890338941 1.73404930074 2.07738833842
1.0767886754 0.313192616081 1.62286471312
1.12653038133 1.21888595042 1.91111397536
1.12566888477 1.24153780757 1.91677975167
1.10552772922 0.940932817096 1.82659440068
1.18309619872 2.37881444523 2.30556997252
1.00298744756 -0.817275815233 1.29619200356
1.06840325603 0.360486029081 1.64765854086
1.09136541809 0.776502881348 1.77790947652
1.08182261911 0.715448082507 1.76514002787
1.16345208173 2.19828536459 2.25131804242
0.995619471867 -0.799010365313 1.30869034214
1.17924748873 2.5162785055 2.36174957559
1.06819123539 0.735255337107 1.78395730798
1.16209785888 2.50377203804 2.37158992398
1.16286399945 2.54663059493 2.38770442508
1.09339384273 1.34566597376 1.98735691571
0.99061584768 -0.355285041311 1.46797453416
1.13125468317 2.44139962489 2.37316569614
1.02548956814 0.486649063506 1.73334306565
0.942573615326 -1.04703496016 1.27931162542
1.04966779755 0.959862610344 1.88396839906
1.10217123378 1.9948520933 2.22578708583
1.04977941564 1.22992584667 1.98236029069
1.01853249924 0.696324419447 1.81506469785
1.0212780213 0.751879395676 1.8335743546
1.01927742636 0.771753080576 1.84216682597
1.03643517764 1.11029966 1.95059454051
0.999044389019 0.408337717277 1.7331324322
1.10413472374 2.44973511807 2.39948562088
1.01647412046 0.794505895743 1.85270243634
1.05807740876 1.60694624378 2.11628274922
0.983286397943 0.189477646497 1.66679595094
1.00946740105 0.696490481857 1.82458838283
0.914282000247 -1.01969650315 1.313426385
0.991413124197 0.553424702722 1.78966963654
0.908869419923 -0.908815423196 1.3592129791
1.01646582148 1.23058191416 2.01359557253
0.895664365151 -1.09894855073 1.30855073346
1.06891804116 2.34630447372 2.38840712887
1.07842617471 2.5644351389 2.4657264737
0.893087240349 -1.07863698325 1.31735160338
0.997446834097 1.03404122461 1.95749608199
0.890386942885 -1.05974477882 1.32610164506
1.06247794397 2.360612671 2.3995869314
0.981985511377 0.769624868417 1.87677976642
0.885023983432 -1.11868654528 1.31226435432
0.985952238114 0.913652358152 1.92403861824
0.883205779677 -1.1202924628 1.31363816748
0.967488583814 0.554534757012 1.81142820023
0.984773490063 0.904756368627 1.92182961289
1.06519870708 2.53462851454 2.46481804693
0.880262000814 -1.15059698962 1.30682016835
1.0464192712 2.23006299542 2.36394723433
0.978871602424 0.875779527989 1.917992088
0.947966222009 0.270287929073 1.7277938819
0.899960707765 -0.612397738767 1.46835443142
0.893906393871 -0.664927509164 1.45745366647
0.868247184482 -1.11691193945 1.32946856326
0.887473582946 -0.672302555471 1.46139022175
0.931222502631 0.243666224737 1.73396255322
1.02189329627 2.52535654505 2.49830044219
0.999068077505 2.18419770353 2.38642566697
0.928465547865 0.825044220932 1.94451537883
0.853573210351 -0.743922480089 1.46999947107
0.922039135417 0.734411812735 1.91783389819
0.895121760987 0.231033037437 1.76519380533
0.973684747181 1.90783896233 2.30327879194
0.939427809499 1.1777545126 2.06275924859
0.989310343897 2.32482411713 2.44769245444
0.846831671808 -0.577663706217 1.532915726
0.903690650333 0.653001613601 1.90574388445
0.821758144638 -1.04642952158 1.40143032937
0.873858146456 0.349672662378 1.82639900602
0.872833091265 0.334214577387 1.82149158725
0.909635265895 1.15147318214 2.07947698373
0.817006328172 -0.80083201572 1.48851821794
0.879898860349 0.621972125408 1.91656632628
0.88771697587 0.888101101787 2.00430027097
0.932501513728 2.00510041738 2.37672255003
0.871807945172 0.672437787494 1.94303369278
0.8562855291 0.339843302124 1.83946410964
0.870722649006 0.673704496312 1.94419896626
0.899010821704 1.32827986564 2.15409255464
0.890014001258 1.18153216178 2.1089170991
0.939518331459 2.32618098204 2.49082383899
0.935986562373 2.27759803438 2.4741324892
0.829382964063 -0.107355066527 1.71050637008
0.854033390438 0.463058320822 1.88506934142
0.805329851469 -0.497816895802 1.60087279587
0.838471940879 0.251496466792 1.82594201106
0.857791231771 0.707765392857 1.96860424288
0.849215441037 0.594287448452 1.93628457235
0.754057517976 -1.16095950725 1.43252355635
0.815106363807 0.332898786834 1.87546094489
0.829276747589 0.689701871385 1.98805096326
0.830144038831 0.767436000447 2.01461314586
0.842433959694 1.07518622009 2.11474078206
0.756366232053 -0.885005226106 1.52127280824
0.819230163385 0.594109757787 1.96395599738
0.745040938168 -1.12504980001 1.45260672456
0.795226448651 0.186898180043 1.84502406307
0.808847472681 0.549078466316 1.95767542918
0.838671099006 1.27760820091 2.18983169677
0.802727161063 0.490427484222 1.94218042383
0.734100164912 -1.02666437822 1.49712929609
0.826559163529 1.29781118202 2.20804239569
0.744858723382 -0.661111010589 1.60599383581
0.765904646137 0.217111504115 1.88304413819
0.791948712211 0.883342583636 2.09143606392
0.773860394291 0.623268614238 2.01577848135
0.767228332474 0.471222489048 1.96995725252
0.758219741579 0.340567743298 1.93222529958
0.840646928106 2.47262877984 2.63031765159
0.743948493514 0.0698146381211 1.85142191453
0.757698172507 0.44843584621 1.9705755674
0.76022084323 0.561526179213 2.00720697051
0.77472009543 1.19068194714 2.2157121973
0.826011866126 2.57388744206 2.68076142431
0.794478955034 2.0842951871 2.52261335411
0.695867224793 -0.30627653317 1.77252116975
0.709879954102 0.268826154262 1.95335128956
0.710781556925 0.347935043631 1.97958376744
0.638706337135 -1.53295672191 1.43470480107
0.705369385132 0.248887063488 1.94991611255
0.638018596053 -1.53293062163 1.43545077501
0.657723801568 -0.822799864933 1.64181984723
0.699960138072 0.374916070539 2.00038496812
0.658220605772 -0.581674270764 1.71874621902
0.687983327075 0.441476161384 2.0329851092
0.65254894129 -0.402666470925 1.7838443566
0.630405673814 -0.846793274382 1.66052234969
0.672981782682 0.378027404907 2.02380302568
0.74370619834 2.56281064029 2.74662034793
0.663049730069 0.288500250088 2.00490105886
0.635790415561 -0.39513834636 1.80263877007
0.671727032517 0.861340067836 2.19288732857
0.595619366687 -1.21710653593 1.57766059485
0.583936589204 -1.54577224855 1.48827356621
0.604850072036 -0.691532349879 1.73676279158
0.655195524667 0.827498935542 2.19686020172
0.579716218733 -1.04409028257 1.6484563961
0.601663212992 -0.226603105416 1.89129581693
0.595127836053 -0.400921774983 1.84106880483
0.627000336124 0.669833774232 2.16938608444
0.632329804461 0.893760018453 2.24007117717
0.641434768612 1.2461716224 2.35700729252
0.611601404152 0.373042173942 2.08294948626
0.642829575388 1.53881860034 2.45896771191
0.548739749191 -1.40164358763 1.57009814736
0.548284173023 -1.30769089722 1.59800795179
0.607724132969 0.608323675583 2.1669904056
0.591538841746 0.282012845732 2.07124053948
0.662339772737 2.57533994758 2.81999328009
0.599279899572 0.588350525762 2.16693413162
0.57615892106 0.180350049374 2.05065956808
0.584698783705 0.578455939805 2.17809719142
0.569188992198 0.14238070322 2.04509057834
0.565915981895 0.270526906792 2.091196214
0.579874389728 0.852910127755 2.27236465207
0.555381938891 0.290923624188 2.10792299798
0.602171677521 2.2279940045 2.74326779776
0.561458658744 0.837618587471 2.28778792752
0.508323188964 -0.901257826138 1.76743533215
0.540012255577 0.240698094579 2.10609656515
0.542193484871 0.384751908636 2.15279094283
0.555976061564 0.923383844805 2.32225230981
0.540808228535 0.462065967495 2.17988318365
0.533615682337 0.505469651658 2.20072262301
0.530062077152 0.444545758474 2.18366696724
0.487691517564 -0.965120498455 1.76926699497
0.527938761623 0.674039254143 2.26292322241
0.516362490882 0.42903198897 2.1918062813
0.480702148822 -0.786482743877 1.83177082048
0.511680956943 0.374639277974 2.17782057677
0.460734218204 -1.4657737343 1.64177580799
0.521929208184 0.869779553508 2.33558416327
0.479835843682 -0.669368275101 1.86995962576
0.484138209766 -0.291744428689 1.9869832385
0.540967402201 1.89480059925 2.67600283467
0.508984198885 0.79141296052 2.32050225649
0.468926866322 -0.468659162669 1.94510109181
0.485037712867 0.517701100937 2.25053326801
0.464209259227 0.348325657763 2.21185244602
0.443260499916 -0.365410065206 2.0032540991
0.458625746019 0.301228428054 2.2034333264
0.43187864182 -0.77530997853 1.88524296078
0.460373253861 0.403297785746 2.237105301
0.446950592681 -0.0298776293331 2.10518796904
0.454047896605 0.463023339695 2.26155271798
0.492186346708 2.0846799975 2.78689749374
0.474868655009 1.62715462437 2.64069518541
0.440573013074 0.188060705647 2.18358176579
0.487907523815 2.31642898783 2.87420734032
0.439974298097 0.412318513555 2.25922122926
0.439505225713 0.459174037811 2.27346441414
0.437267640099 0.55658453257 2.30859546548
0.40880551242 -0.594008931986 1.96374246548
0.429467534724 0.443247290838 2.27812780476
0.414949944233 0.049583727323 2.16392856833
0.398523497298 -0.139143325193 2.1190591353
0.412843020426 0.556174822558 2.3319174487
0.399821651865 0.368832750311 2.28239087346
0.368368284156 -1.06607746338 1.86075829354
0.389688561956 0.0347042914574 2.18331386629
0.376692905474 -0.513909891467 2.02170042938
0.398805649555 0.556985657163 2.34504474393
0.364609632055 -1.01335623999 1.8798762718
0.383987004148 0.187502393172 2.23850272726
0.383505986185 0.17936680169 2.23565701333
0.387084926688 0.535767685558 2.34890623409
0.384860283428 0.637119526931 2.38483087935
0.376321015548 0.527006617615 2.35649248819
0.409820103642 2.54731418987 3.02546408039
0.366215653264 0.366165220527 2.3133774862
0.360217003916 0.108748757533 2.23584536633
0.346814048107 -0.498439898459 2.05735912726
0.351680956241 0.144533105351 2.25574199694
0.348607305404 0.0076286766856 2.21538349041
0.352481852499 0.258584943302 2.29222878477
0.355693434608 0.582851882248 2.39471263059
0.308628157697 -1.80994916215 1.70204709644
0.347353223337 0.360188020315 2.32975078688
0.322278587137 -0.998527577857 1.92872429699
0.343463871198 0.281936282908 2.30788761547
0.338591319831 0.0948202672469 2.25234897448
0.302664816151 -1.85365814244 1.69641925311
0.338398045199 0.119389358026 2.26003445898
0.342256997525 0.405819599489 2.35219198021
0.311143935205 -1.30326594283 1.84925255537
0.32168989715 -0.551798151499 2.06467121477
0.337679131323 0.386743908183 2.34772997393
0.33272778843 0.181424071119 2.28531585938
0.341742656293 0.725635604627 2.45451870515
0.331163223963 0.275896204185 2.31827251127
0.318327445455 -0.407094078521 2.11327853943
0.307984161408 -0.642940077323 2.05104700014
0.361095235622 2.53179657788 3.0613774069
0.320920135436 0.358861611121 2.35419855131
0.315243045579 0.0357678658679 2.25786020443
0.317756383804 0.256242554882 2.32482577251
0.317645141366 0.41432400518 2.3752837598
0.336673599587 1.77813182194 2.81497375943
0.313893165445 0.436788006163 2.38650493335
0.30700851518 0.158676950059 2.30352958916
0.308153657165 0.268431324148 2.33752228849
0.296005429963 -0.321384047381 2.16290149755
0.299453690841 0.0361738395599 2.27255574986
0.308629631238 0.759722820237 2.49689216067
0.296666388823 0.0683712939546 2.28545288628
0.292313780281 0.162914405398 2.31845440421
0.32427465446 2.26078269824 2.99681816481
0.286263262622 -0.141819327288 2.22844495721
0.29600098078 0.505568083502 2.4262713333
0.282868200907 -0.212645226038 2.20941660962
0.292435794194 0.41428042879 2.40053169239
0.285838913964 0.0100055867525 2.27710416798
0.293378073828 0.521594715646 2.43328822804
0.277399034447 -0.507075365053 2.12344201041
0.258567255793 -1.71843022816 1.78297639854
0.256390430418 -1.84531768217 1.74804142344
0.285061360154 0.263416707117 2.35704363579
0.28741580686 0.482086237686 2.4264623501
0.278616288777 0.0663940819022 2.30213522736
0.282454835219 0.452692973235 2.42240499677
0.273508992105 0.00483175183708 2.28699877376
0.262570639355 -0.648827895578 2.09605425919
0.274675922081 0.255436591398 2.36642646327
0.279529199665 0.938055460933 2.58249860201
0.273255438607 0.513227204023 2.45050671003
0.257125068008 -0.53991761449 2.13412641129
0.2640208688 0.213331274431 2.36206807652
0.24241707429 -0.874944635859 2.04670254737
0.262306805038 0.627765993281 2.49670163592
0.227262052945 -0.971667223489 2.0335944783
0.210845578212 -1.79494190572 1.8128933239
0.220925916481 0.159644709182 2.38671986457
0.224288072161 0.452354216313 2.47731955338
0.218440155545 0.192040999318 2.40000580186
0.213232824744 -0.0914424363917 2.31611370366
0.212980291745 0.136920657459 2.3869992119
0.212036969379 0.188337066109 2.40371398563
0.208673385061 0.0356634958002 2.35990812259
0.210754900563 0.25905327366 2.42788793526
0.203239829396 0.282775263261 2.44279542057
0.200551914668 0.28838123007 2.44706880457
0.186795435815 0.00100390879177 2.37113600601
0.183178273041 0.320241053626 2.47480027953
0.179965534542 0.176151220112 2.43313945287
0.173470466619 0.306001518452 2.47989754891
0.170391082645 0.114704347462 2.42328460712
0.16793638631 0.346012151619 2.49729612346
0.162429962849 -0.220282927953 2.32628964009
0.166544350873 0.248142775148 2.46799472829
0.159365007424 -0.178065505066 2.34283962265
0.1563974101 -0.121451592851 2.3625230034
0.15824466312 0.168161515432 2.44891673755
0.140976257487 -0.778937572531 2.18074127296
0.146777124165 0.0669229012648 2.43080970144
0.131770577987 -1.19548917375 2.0681002918
0.139675805999 -0.0265635790891 2.40848274567
0.138124089265 -0.184439946204 2.36213673897
0.136622257631 -0.207441349715 2.35581155343
0.137811790079 -0.0260400202993 2.41141611373
0.137293129589 -0.0843234089551 2.39351473767
0.135703328606 0.248088940071 2.49505582062
0.121758645026 -1.39761225922 2.02073860479
0.123055091124 -1.05415240257 2.11817433649
0.130809772659 0.259897099427 2.50535299781
0.12942007242 0.109093322179 2.46074403025
0.124584688019 -0.0859318570287 2.40505091789
0.122310994786 -0.344302393682 2.32888057277
0.122770333174 -0.242161061875 2.35898047166
0.11158264951 -1.72222754971 1.93927437812
0.121344044007 -0.178650591808 2.37999731346
0.122591180392 1.07048430367 2.77347431256
0.106322205476 0.164666068239 2.49982237404
0.0982126520667 0.0777389787637 2.48170704025
0.0965970215807 -0.0132950012698 2.45319122391
0.0947354764715 -0.226553281587 2.39109650585
0.0839173401629 -0.0314175601638 2.46151392131
0.0818914654083 0.114118524221 2.50648750731
0.0799429325432 -0.0766186103432 2.45155740968
0.0725404966785 -0.793322517284 2.24631532426
0.0716915617619 0.169215422676 2.5357629597
0.0705340489537 0.240260265581 2.55836598841
0.0682682163985 -0.088668284252 2.46067815238
0.0626690861934 0.0969018126852 2.52145726098
0.0618048551569 -0.0134133996393 2.48888938434
0.0602832591306 0.237873645043 2.56710333976
0.0600199711946 0.386680846413 2.611866217
0.0575555445363 0.314472063099 2.59360618192
0.0550983795511 0.172063259612 2.55178162303
0.0536988712356 -0.102487847066 2.47121799258
0.048329917318 0.148149171286 2.55175424913
0.0407069463552 -0.331308833057 2.41422198614
0.0383500643253 -0.0462025303892 2.50259811899
0.0375137837819 -0.121435537848 2.48003483136
0.0376808918307 0.267141697715 2.59914997564
0.0354702978762 0.0393641397828 2.53200878481
0.0283665438937 0.390586040372 2.646382672
0.0281856424571 0.337866095286 2.62868762439
0.0219992460398 0.0381739158417 2.54327086477
0.0220403519186 0.314315476462 2.6262203478
0.0197613778437 -1.23214636187 2.17504189711
0.0192184461854 0.516598204073 2.6938734645
0.0167378251209 0.412302668204 2.66381989901
0.0145275978658 -0.904598884939 2.27384279127
0.00892417763215 -0.0671135102951 2.52497119588
0.00888030617275 0.161715022438 2.59403484556
0.0087634747584 0.904572986789 2.82523482567
0.00597789738254 -0.0173368158688 2.54210146766
0.00513088842709 0.13526317523 2.59017552992
-0.00223257727508 0.850834064057 2.81702590405
-0.00229808032286 -0.61646637016 2.37261212396
-0.00253121103531 0.300279539564 2.64729507665
-0.00389571788366 1.48829601027 3.02487835625
-0.0175564890172 0.201804412916 2.63348453392
-0.0157418166969 -1.940354053 2.02052895475
-0.0192289218159 0.330298306721 2.67082738331
-0.0197075466724 -1.13431664121 2.24503399994
-0.0227594571725 -1.46593327746 2.15555920678
-0.0250258494452 0.236830071535 2.65125729314
-0.0331577948519 0.565910272915 2.75973286905
-0.0365391208192 0.70661648954 2.8047060832
-0.0358873151061 -0.484623702725 2.44609573166
-0.0409672031401 0.0427474769575 2.60781308512
-0.0401860599406 -1.02227259673 2.29654412887
-0.0470470337707 -0.428059284376 2.47414626503
-0.0543351334293 0.666661401096 2.8080483923
-0.0474503265406 -2.05452117964 2.02484873324
-0.0567197247747 0.459572012655 2.74939673081
-0.0592822621102 1.28719019752 3.01228815379
-0.0586514200802 0.0129516773172 2.61579769614
-0.0672263793134 0.784188646837 2.85784420729
-0.0666007509923 0.0316666186293 2.62938582303
-0.0631619824544 -2.00757794547 2.05446607175
-0.0732408784348 0.371513556738 2.7378165694
-0.0707132717906 -0.534082552718 2.46754734648
-0.0760523317157 -0.249397564343 2.55564319452
-0.074847456516 -0.843663969378 2.383415069
-0.0869851374391 0.59789559805 2.82056344085
-0.0890227648221 -0.221498758214 2.57723381551
-0.0929988989488 -0.195191687369 2.58805854215
-0.0930005182987 -1.38685397432 2.25183449591
-0.101077236806 -0.108920503572 2.6209560627
-0.107738515387 0.35799339421 2.76671136959
-0.112816508179 0.515092803518 2.81961755621
-0.112829146188 -0.239425554577 2.59572411937
-0.112614521458 -0.557380865373 2.50300548925
-0.115278169923 -0.31954028865 2.57232215575
-0.120075731085 -0.432210720741 2.54562515333
-0.121585483991 -0.339945745663 2.57308794253
-0.113944651355 -1.77907217689 2.17094260596
-0.123931264458 -0.34141102513 2.57574628088
-0.130998851012 -0.321536066945 2.58770417586
-0.1402840717 -0.287482217905 2.60810110428
-0.143263852786 -0.420865203897 2.57191577319
-0.146037557543 -0.33840388287 2.60139065909
-0.157204532564 0.85587297178 2.96485999909
-0.149508058631 -0.834160316906 2.46386746405
-0.154220126061 -0.475420825464 2.56891899351
-0.157542203054 -0.187399396445 2.65753717555
-0.151759741397 -1.060677097 2.40453187613
-0.14923178317 -1.37321385832 2.3155553715
-0.161748269528 -0.0478611216589 2.69921641503
-0.178062027276 1.5509535686 3.20138191997
-0.179149773913 1.54551084835 3.19854981829
-0.168242028333 0.20319714471 2.78060171126
-0.169724390464 -0.146345571147 2.6796220002
-0.178460696031 0.604167370402 2.91058465677
-0.175339766841 0.149819217071 2.77072568429
-0.17140754026 -0.299797960935 2.6356472208
-0.187639144072 1.24918010331 3.11840331816
-0.178643783209 -0.327890661396 2.63564561293
-0.176151193721 -0.875440711829 2.47909588846
-0.183919905949 -0.298577923287 2.64594667329
-0.182418359299 -0.457566784166 2.60297615476
-0.187620740255 0.0284912772771 2.74751366222
-0.184706943078 -0.529877298263 2.5838086772
-0.198307808318 0.591158035549 2.92486587907
-0.188684757389 -0.396272638731 2.6257833018
-0.195319701171 -0.0706106192458 2.72671598954
-0.199494723214 0.137479690666 2.79065441733
-0.20936433243 0.798384820302 2.99801292527
-0.201374711302 -0.23909309078 2.68393337656
-0.200460486099 -0.468162210382 2.61787462907
-0.202891216392 -0.296093296356 2.66849732778
-0.202127336011 -0.528532592099 2.60221465381
-0.202307607151 -0.525424302769 2.60388439496
-0.202677331378 -0.527066407289 2.60258950922
-0.202890588451 -0.526528621748 2.60356317245
-0.202742981663 -0.542916112116 2.59890492796
-0.203587887229 -0.52280479223 2.60511880354
-0.203800490729 -0.526336534475 2.60311710615
-0.203901449669 -0.528194120834 2.60580607863
-0.203957898283 -0.527171872757 2.6043914126
-0.21188587152 -0.329940260324 2.66883723998
-0.194685172493 -2.04849760039 2.19106229821
-0.216883160376 -0.365377007204 2.6634784058
-0.20376845954 -1.53242525176 2.33207705093
-0.217706524092 -0.401806924844 2.65379187774
-0.223161351802 0.0367806852376 2.7852234143
-0.221769845897 -0.108077604202 2.74240592321
-0.219141146826 -0.373578506642 2.66299896893
-0.224156572696 -0.0298380682852 2.76648348662
-0.233234324182 0.612128673231 2.9645176905
-0.217472583333 -0.727955328905 2.56274511893
-0.21929338303 -0.627738970511 2.59305390182
-0.221312159373 -0.532685523473 2.62052458842
-0.239850260989 0.959570058183 3.07607422851
-0.247165359618 1.43103782828 3.23008101896
-0.234824610718 0.188767702231 2.84007663177
-0.231040620864 -0.141529774112 2.74223342532
-0.217732827268 -1.3116317377 2.40642959539
-0.231961682924 -0.295419194848 2.69796382066
-0.234701979282 -0.210755492702 2.72533024848
-0.231085965407 -0.50564639971 2.63852770612
-0.232125786944 -0.505339132736 2.64017181693
-0.242621694347 0.204403142086 2.85283374892
-0.245421318965 0.189671465709 2.85165497065
-0.2353676037 -0.878342247886 2.54060110259
-0.248592183286 0.0105389754421 2.80324601276
-0.246712431457 -0.174202238877 2.74763256343
-0.223775941355 -1.92558489448 2.25325696364
-0.241853847876 -0.846820993617 2.55559591808
-0.256866064248 0.233505689464 2.87522305524
-0.257315982214 -0.0120079501727 2.80629315126
-0.252358211928 -0.489029886478 2.66482584949
-0.25456785695 -0.365673635613 2.70086662522
-0.246034302754 -1.17166840957 2.47326741413
-0.245271633559 -1.244810228 2.45236910043
-0.254879156341 -0.637233142256 2.62643489719
-0.255141664687 -0.636872336625 2.62686560186
-0.258625330018 -0.485890003417 2.67239484745
-0.259587071498 -0.439546819141 2.68598598084
-0.263458408384 -0.305077425242 2.72778896411
-0.262011318663 -0.597672595081 2.64435470399
-0.26784589784 -0.299582575884 2.73466765585
-0.287792123544 0.208785487043 2.89872178813
-0.255567421428 -1.96736977973 2.27757770244
-0.282399886085 -0.627281917984 2.65805515608
-0.293804940518 0.0776552947276 2.86707709063
-0.290110582169 -0.362539561017 2.73796257265
-0.291131608368 -0.396668686039 2.72997753004
-0.28407187442 -1.31177953899 2.47583553362
-0.295237149246 -0.662116766525 2.66134111313
-0.294319608322 -0.832954096471 2.61455817771
-0.317488260258 0.276717698168 2.9468197704
-0.306533931457 -0.44440158624 2.73203736089
-0.320753662664 0.381545750835 2.97950353775
-0.318746025809 0.176083940503 2.92007219106
-0.322711802964 -0.36951308886 2.76886217118
-0.328109328386 -0.224645435634 2.81512303336
-0.341809775415 0.0419957416217 2.90305991719
-0.335130051645 -0.570392994647 2.72653075716
-0.372618823858 1.3215043459 3.31258545383
-0.346746342264 -0.227022754267 2.83341122655
-0.329742472775 -1.1650967524 2.56356009728
-0.352622266469 -0.139765137027 2.86295841156
-0.345378497101 -0.545341102156 2.74401990988
-0.352640704161 -0.195246847989 2.84810687309
-0.374215604455 0.860985162322 3.17368275578
-0.350774181677 -0.539381795444 2.75124006877
-0.321974601748 -2.05555539953 2.33036789947
-0.368615704032 0.295545695465 2.99608733272
-0.339531370465 -1.34087463894 2.52840333677
-0.365137361113 -0.0551062246973 2.90047004725
-0.360792725477 -0.318983462591 2.8216265233
-0.364978866859 -0.166556230397 2.86860023011
-0.350180558394 -0.916740171057 2.64916719127
-0.337170590986 -1.57717265097 2.46560201996
-0.341363550792 -1.3761119819 2.52123588625
-0.379759989197 0.516297074273 3.07697474483
-0.356500380923 -0.683146497156 2.71790578276
-0.386805942299 0.83004153946 3.17653204427
-0.329753633189 -2.06735401114 2.33528967262
-0.373429559451 -0.155106822114 2.88104061597
-0.357133796008 -0.995161001693 2.63622268826
-0.380467291302 0.0351369308374 2.94003280179
-0.378731199584 -0.133098236932 2.89268717541
-0.370108472704 -0.653029963577 2.74061354158
-0.382339226114 -0.408347192382 2.81880131507
-0.391621466116 -0.16050484786 2.89720022657
-0.402391643909 0.280632998046 3.03085741655
-0.425185170558 1.17504454297 3.31502713103
-0.394798780347 -0.489581229615 2.80976927085
-0.413624004027 -0.264561441651 2.89045747459
-0.419167537288 -0.124294999366 2.93504468739
-0.417520323282 -0.244739140515 2.89984777743
-0.426609419697 0.0830308472208 2.99971519758
-0.421199705383 -0.254500431791 2.90066179946
-0.421982556724 -0.236134450208 2.90675425525
-0.440066518219 0.463232565719 3.11995017677
-0.423330124948 -0.287308029134 2.89469940049
-0.426746382502 -0.176995511477 2.92842469316
-0.456219341262 1.00240991206 3.29299160511
-0.42910588559 -0.243019401939 2.91152325555
-0.422960185814 -0.570099159763 2.81680735457
-0.429327014566 -0.31943842309 2.8914243643
-0.431161547087 -0.251270026985 2.90555610656
-0.429758041968 -0.326266337964 2.88953454458
-0.431981252737 -0.283385652737 2.90471696671
-0.432780966564 -0.253759763738 2.91080826214
-0.434254374572 -0.251474432063 2.91132165633
-0.402655369838 -1.592367091 2.53276535532
-0.427645940271 -0.585586774968 2.81729085898
-0.443548713236 0.0440282283279 3.0054480922
-0.459354687183 0.617202489582 3.18178362482
-0.411897622609 -1.38641946747 2.59460014551
-0.416781922191 -1.36558031742 2.60375320913
-0.445675696781 -0.254116395069 2.92368727971
-0.446144465907 -0.263587979903 2.92580894222
-0.464036700619 0.374338860074 3.11798397796
-0.40997218236 -1.83942314669 2.48008200085
-0.458476324524 0.0218650393141 3.01384827094
-0.461871024167 -0.321884425832 2.92289178666
-0.480979236706 0.414843847402 3.14740078991
-0.467195058777 -0.321463920939 2.92804496005
-0.452926953686 -0.932192898133 2.75356389277
-0.477702015691 -0.257601095541 2.95727686202
-0.479418677386 -0.273919271111 2.95465690484
-0.496672186824 0.188852940266 3.09658156367
-0.49283742569 -0.136684073691 3.00529010976
-0.493209195166 -0.231040565644 2.98010613226
-0.49462793445 -0.225089263259 2.98285844773
-0.464907783125 -1.40852231278 2.64523949049
-0.503795065961 -0.0503919808853 3.03995583273
-0.47067522395 -1.30362340681 2.67739226963
-0.505679121905 -0.271807999611 2.98212827257
-0.508692548381 -0.16951666082 3.012327488
-0.481002250603 -1.24751037671 2.70232708079
-0.509672908968 -0.259017749268 2.98912629643
-0.515605051322 -0.242546097885 2.99924263504
-0.509936218643 -0.529368005531 2.91669140664
-0.526720375424 -0.224988207801 3.01445282795
-0.526790678579 -0.226199803583 3.01490704863
-0.534426500764 -0.193237609959 3.03169125024
-0.52264680922 -0.694771637945 2.88714023988
-0.527757330307 -0.521897704731 2.93702547665
-0.573243601002 0.985848214665 3.40060567776
-0.534832886417 -0.414259321159 2.9735197801
-0.533672092661 -0.468394974412 2.9571173992
-0.536336719405 -0.381522698207 2.98220202492
-0.532075642144 -0.628816447817 2.91358662578
-0.544045052844 -0.270576650088 3.02107510891
-0.498726044142 -1.83216395235 2.58144580777
-0.544622630587 -0.421831845387 2.98079843683
-0.551138192515 -0.264478400664 3.03048251216
-0.59009844054 0.91353941069 3.39446144486
-0.548105987586 -0.60359949036 2.9375871492
-0.559242825709 -0.410768687869 2.99965600041
-0.533301320033 -1.30186436288 2.7452231133
-0.562733535203 -0.383325548427 3.00992322775
-0.569603101487 -0.173162809019 3.07242431156
-0.570823843875 -0.28812348229 3.04397969408
-0.573562347027 -0.26844305506 3.05138939553
-0.522522910398 -2.04105232917 2.55815112767
-0.573519983513 -0.556715813451 2.97476884225
-0.587165786269 -0.2748081981 3.06486287067
-0.589442215036 -0.308939960969 3.05773467451
-0.588534001134 -0.348729449391 3.04442988207
-0.633548596687 0.813081598807 3.40681606107
-0.593901303469 -0.412672087652 3.03370892574
-0.590827076916 -0.527213379112 3.00063908113
-0.563515856655 -1.41981964883 2.74925142446
-0.618739783652 0.186007570039 3.21793724249
-0.647552334729 1.01018174316 3.47749217855
-0.571290180558 -1.47117127398 2.74446400704
-0.554233025081 -2.02748075516 2.59696825724
-0.615091434002 -0.227552782782 3.10414263287
-0.657741384962 0.975342924515 3.47653919163
-0.615696375351 -0.311198674594 3.08167801766
-0.582168530355 -1.61775222322 2.72238645018
-0.617044366457 -0.671274347062 2.99134314853
-0.587846261544 -1.60415509142 2.73165035775
-0.640982639756 -0.372929433988 3.09193491216
-0.614535031815 -1.15411244168 2.86898690992
-0.654186130481 -0.105315245852 3.17764586138
-0.656176535652 -0.295122175588 3.12922936589
-0.695303835461 0.777642279586 3.4560360121
-0.642592312785 -0.702396802515 3.00991028846
-0.655483449813 -0.375893052252 3.1061157137
-0.659915947748 -0.270392758229 3.13891395304
-0.684005286748 0.355815622059 3.3306362028
-0.669842669572 -0.0504663735621 3.20469563399
-0.663647275672 -0.277608785456 3.14126734189
-0.671794335559 -0.126981107402 3.18846153441
-0.672047586827 -0.125532539518 3.19007866293
-0.663886277165 -0.374307589948 3.11463836723
-0.695232588245 0.380014954819 3.344595092
-0.674959760547 -0.258596607285 3.15600600242
-0.659680147143 -0.726700206909 3.021161063
-0.67622848849 -0.288549424558 3.15101467556
-0.6127875315 -2.04952641954 2.65793081997
-0.684807503533 -0.259198249636 3.16687359985
-0.679855680046 -0.46419740869 3.10583685225
-0.648992155911 -1.3132636928 2.86640099946
-0.725680771057 0.314257797958 3.3576256258
-0.772687277421 1.48798582355 3.73446626057
-0.721212622354 0.115732594407 3.30134241639
-0.724554899043 0.0155182637843 3.27749868496
-0.745060048738 0.462061244946 3.41768087765
-0.734967612633 0.0602617371887 3.30238186334
-0.741054357075 0.194768437186 3.34094047995
-0.757515591684 0.603111890408 3.4689423734
-0.673326241282 -1.62305601573 2.82089368624
-0.684711314796 -1.41389267387 2.88129307986
-0.716514486451 -0.62214303967 3.1069683017
-0.688708730163 -1.40263658151 2.88793564927
-0.754139354618 0.160930408505 3.3456534785
-0.731746783799 -0.413537912167 3.17411695741
-0.769402564384 0.461222386094 3.44081744418
-0.67890519574 -1.86870983325 2.77053425557
-0.746884017942 -0.288378129002 3.22268379333
-0.731903188151 -0.679881268726 3.10829583266
-0.701388053687 -1.5774921081 2.86154903951
-0.756380253144 -0.258732321028 3.2387719169
-0.768605953037 -0.0774125608693 3.29735822027
-0.717566595941 -1.36657333503 2.92854405389
-0.82058498604 0.96904030382 3.62060836404
-0.724601011431 -1.33173667089 2.94439831416
-0.7365881307 -1.08461732773 3.01438765825
-0.771753310671 -0.305146429994 3.24113092599
-0.771859544467 -0.360200641507 3.22914146137
-0.746501822512 -0.970753402667 3.05358255021
-0.712027575895 -1.9488907741 2.79174416582
-0.802387992441 0.0827536169179 3.37491109906
-0.82438768908 0.593487238329 3.53198384468
-0.779534345225 -0.463183625561 3.2128230342
-0.792436680047 -0.180579225985 3.29567670129
-0.734990809544 -1.52631727029 2.90991613149
-0.807029621309 -0.0362335142123 3.34678876057
-0.768708138803 -0.966204666334 3.0777822051
-0.793768223847 -0.410165565809 3.2382207847
-0.765673961115 -1.11777472345 3.03826696484
-0.816478489915 0.0097294089556 3.37070825089
-0.801288655572 -0.360130341729 3.25948643634
-0.77556458788 -1.07490457806 3.05865181844
-0.802825547642 -0.483609079295 3.23190671105
-0.777234464347 -1.12416009489 3.04889144625
-0.819908282798 -0.215733175852 3.31406597833
-0.813271298806 -0.381414805878 3.26564500296
-0.835572417217 0.0890976056555 3.40776802409
-0.824860368481 -0.193307846947 3.32560368758
-0.823596255252 -0.253079387297 3.30821263049
-0.810804334176 -0.646144768372 3.20191226458
-0.869081426068 0.644913830337 3.58723301274
-0.777163257848 -1.44888587467 2.97380119113
-0.884380650368 0.914524371612 3.67357825968
-0.818098465206 -0.562003337979 3.22556399846
-0.832555591598 -0.246808143743 3.31898366924
-0.776666147076 -1.52923415538 2.95522661335
-0.87624135073 0.601400186348 3.58363309992
-0.762828279036 -1.99380165438 2.8376067073
-0.838779347602 -0.374220416689 3.29343518087
-0.854939299476 -0.0544407316484 3.39027675003
-0.826375704652 -0.68682283256 3.20460241998
-0.850026980952 -0.200131279585 3.34889707674
-0.876343876942 0.367122237716 3.51894725717
-0.877321556344 0.369218507421 3.51983442626
-0.785359374282 -1.63206466768 2.9407977187
-0.861663150822 -0.00523758900797 3.40991616469
-0.790865818882 -1.55936741492 2.96305041405
-0.81044794957 -1.28007566604 3.04701080283
-0.777903948804 -1.99376992904 2.85516534207
-0.851891375699 -0.475671361521 3.28222996877
-0.781274030897 -2.04103938619 2.84919337318
-0.846085909968 -0.691917411662 3.22375502072
-0.864701018361 -0.330878859233 3.33242884208
-0.878147394207 -0.0689211920664 3.40983532245
-0.947998179839 1.33528213378 3.85280008869
-0.871606639838 -0.31536097685 3.3426162184
-0.858993948969 -0.600763732179 3.25891099857
-0.824187652431 -1.43004372517 3.02981905472
-0.911812030626 0.181806767913 3.50873137972
-0.889102124899 -0.367355181651 3.34621988581
-0.888289899973 -0.393597199071 3.33990945547
-0.89253806249 -0.372031377321 3.34949244943
-0.873458048915 -0.79251958286 3.22871687552
-0.872320298409 -0.821257356414 3.22028523828
-0.834144457161 -1.60858417191 3.00064011979
-0.844250172392 -1.40774450855 3.05581099467
-0.895490624258 -0.386520282959 3.34917027602
-0.833321358724 -1.72737154308 2.97339252508
-0.897943172549 -0.434192031646 3.34022682311
-0.89374411248 -0.542493519881 3.3091590694
-0.905484392034 -0.339970605793 3.37060634101
-0.892208631777 -0.692814431249 3.2717243437
-0.969005424902 0.816444146941 3.7289870103
-0.942047172222 0.246547432942 3.55419486463
-0.852207129755 -1.58752090064 3.02355147392
-0.923855552422 -0.237815299795 3.41414206455
-0.932796013139 -0.0977537838558 3.45905098026
-0.909752705166 -0.563466872213 3.32037931153
-0.855478263299 -1.65408718053 3.0136769178
-0.979871842182 0.787762773241 3.73065215818
-0.94846901756 0.153221915978 3.53737088703
-0.83965063656 -2.02779992723 2.91732510036
-0.928365123204 -0.419137562659 3.37513458339
-0.930157696078 -0.39422330337 3.38319459975
-0.931681792341 -0.442806235147 3.37281581116
-0.91946416466 -0.745915867072 3.28794469656
-1.03490657595 1.43398974367 3.96421147333
-0.985378479096 0.425930157001 3.64352366505
-0.988064565354 0.46031721428 3.65244105106
-0.945712141585 -0.395587216019 3.39801991325
-0.956989303627 -0.217390363226 3.45308623544
-0.940821956265 -0.60365713583 3.3430723109
-0.945174042131 -0.581798508928 3.3522226873
-0.954783353292 -0.413248576451 3.40307340724
-0.924044689058 -1.10816332765 3.20905312335
-0.956997139305 -0.4881645574 3.38753683946
-0.881038306724 -1.93252471953 2.9839042431
-0.956275829868 -0.631779215839 3.35277632903
-0.916721206091 -1.38762164981 3.13865273752
-0.883746543954 -2.0532909762 2.96153923835
-0.963465633213 -0.619947615097 3.3632673481
-0.91120467391 -1.66535752135 3.07411944238
-0.898796441005 -1.9365086988 3.00164289369
-0.992590768689 -0.300346210012 3.4692938813
-1.02962186228 0.38028695018 3.67431551135
-1.07480213511 1.15879942875 3.9239366146
-0.978651166391 -0.643788386183 3.3730363714
-1.05577051967 0.664768475327 3.77473477469
-0.939432925033 -1.46446230852 3.14712984399
-0.952989628135 -1.22296815584 3.21499377189
-1.00924123157 -0.345028920012 3.47657744189
-0.917692857145 -1.99406567311 3.01124582615
-1.00545689593 -0.475379189065 3.44176466641
-1.00301901268 -0.565002244263 3.41669877246
-1.08382917808 0.809557872453 3.83948574036
-1.0187246934 -0.380483193934 3.47623337041
-0.968022740362 -1.28663959864 3.2165592956
-0.937424244736 -1.83896953668 3.06551490345
-1.10988154896 1.17932936625 3.96244740865
-0.973802014211 -1.293081979 3.22134284431
-1.04396378518 -0.0878484201803 3.57177549195
-1.01163948592 -0.660544413221 3.40365218255
-0.992324190395 -1.00597240162 3.30447399662
-0.969543021894 -1.42341207839 3.18796845546
-1.07574903328 0.438754340491 3.73514267013
-0.983613875908 -1.2697374374 3.23645427394
-1.04589482572 -0.206585791429 3.54570480997
-0.985919935434 -1.2871444599 3.23551330371
-0.973363340812 -1.52871994713 3.17101585615
-0.989104556598 -1.28019624834 3.24108346949
-1.04444438283 -0.318630013976 3.51216545149
-0.989424662901 -1.27643756779 3.24184692315
-0.989285388306 -1.28103626422 3.24093154627
-0.967522643121 -1.67629849006 3.13304957851
-0.990566659202 -1.281631182 3.24172412327
-0.991138644632 -1.28173261975 3.2424754804
-0.991794765744 -1.27526176569 3.24466263661
-0.991795642194 -1.27562369807 3.24467318682
-0.992710267946 -1.27533427003 3.24485516019
-0.994323330645 -1.28613774371 3.24501285703
-1.05859654138 -0.18336252652 3.56529338016
-1.12028321758 0.89522194015 3.89837286704
-1.06092352666 -0.20627726687 3.561598305
-1.03113476151 -0.750386914172 3.40317244743
-1.0203204904 -0.943705623774 3.34831335289
-0.996337435347 -1.40382994851 3.2218516504
-1.05332822307 -0.463827805104 3.4949912531
-0.964655508853 -2.00165850842 3.06292594918
-1.08174062474 -0.043720408488 3.61857088052
-1.05439512786 -0.520005885476 3.48097960296
-1.13089274073 0.727175006432 3.86390475158
-1.01493368416 -1.2881381638 3.26662628841
-1.13632361495 0.751390086898 3.87509474173
-1.09065735482 -0.08247083115 3.62080210246
-0.994946445262 -1.71456579121 3.15538904205
-1.13728437163 0.686866333321 3.86038993888
-1.065699657 -0.593056819163 3.47432567682
-1.02830117741 -1.29294464619 3.28047461609
-1.03554088518 -1.27607354885 3.29150545288
-1.19098064793 1.32533414744 4.07947282803
-1.05723598206 -0.943258242431 3.38711123244
-1.20223642654 1.47823347351 4.13198802236
-1.18731722899 1.19015519798 4.03919797016
-1.1069561423 -0.264630406118 3.59467459135
-1.06491681162 -0.970202893247 3.38990799057
-1.08862390284 -0.597324558137 3.49854169501
-1.13912207144 0.166655197944 3.73075239335
-1.16507136067 0.588750759691 3.86019197609
-1.10757279857 -0.488467391196 3.54348985194
-1.0710232398 -1.08850484869 3.370435974
-1.17518680735 0.611947008591 3.87540668317
-1.21263616303 1.22050655171 4.07135109347
-1.18401297683 0.715716044188 3.91271893029
-1.08493729395 -0.914244578396 3.42374134915
-1.11932731324 -0.415469567574 3.57216173596
-1.12618071569 -0.350735003471 3.59563545916
-1.11272082572 -0.584207052451 3.52562767475
-1.15943920605 0.0954809116745 3.73309829074
-1.0836520748 -1.22471268119 3.35417575189
-1.11142002011 -0.811150194316 3.47447419664
-1.12514826089 -0.597678771495 3.53576669389
-1.1604252472 -0.0927513446742 3.68936072453
-1.06557508995 -1.64484197235 3.24683952581
-1.06205930048 -1.78426804426 3.21526712043
-1.16864245399 -0.140080943082 3.68687199527
-1.15337102494 -0.395047894598 3.61200696439
-1.14899002024 -0.518460669443 3.58039117919
-1.14654135173 -0.55989088213 3.5664108262
-1.14362707323 -0.709246656116 3.5304518401
-1.16627114559 -0.400997432685 3.62345174776
-1.16984083263 -0.390734607194 3.62889335481
-1.15393417136 -0.649955199817 3.55603693344
-1.23724991606 0.638608012785 3.94521733136
-1.10665844082 -1.42517870285 3.33770067861
-1.17726493852 -0.401164474882 3.63192386743
-1.10478975145 -1.52796911188 3.31502828001
-1.19228750588 -0.18745911181 3.70032634647
-1.12264905283 -1.29235852058 3.38272293823
-1.17408005602 -0.515760196573 3.60535759274
-1.17539493915 -0.50779585022 3.60936191123
-1.20471514929 -0.058984477647 3.74193246113
-1.11861538763 -1.39656404961 3.35748240267
-1.17273966375 -0.638733278422 3.57812802944
-1.17568349349 -0.640331590515 3.5810832212
-1.15159039785 -1.01114660238 3.47373425917
-1.18222642759 -0.579969981103 3.59941798001
-1.12411457203 -1.46820872442 3.34787859136
-1.20111925785 -0.381704801542 3.66414881981
-1.19766217195 -0.489015160438 3.63650008243
-1.19089289977 -0.597883602169 3.6048010251
-1.28113785057 0.736840064573 4.01247979177
-1.26434957338 0.445885265141 3.92160327705
-1.19454276095 -0.607775526737 3.6059931173
-1.20063444216 -0.552614447252 3.62425801143
-1.20639969579 -0.49525898511 3.64373045154
-1.2888884667 0.595561503443 3.98403899253
-1.16172551797 -1.31123187708 3.42117265138
-1.23241628102 -0.288147405298 3.71730241056
-1.21480876156 -0.568462828509 3.63486175986
-1.20204375977 -0.881512630696 3.55511158033
-1.23835320467 -0.349199505313 3.70987016462
-1.15993843863 -1.51670928069 3.3769058998
-1.23411564383 -0.442830614686 3.68164705894
-1.22250300108 -0.62733691036 3.63111644767
-1.21516160091 -0.744275281405 3.59803273406
-1.2317929788 -0.529208208921 3.66290856325
-1.31028528404 0.597122879459 4.00582621026
-1.23621913784 -0.492941583265 3.67507328202
-1.23404200423 -0.580914602155 3.65268917144
-1.2644363898 -0.154595743342 3.78069247251
-1.25736674203 -0.277566086152 3.74561759933
-1.22476351155 -0.754021893189 3.60574844426
-1.26667251784 -0.149480800811 3.77995722801
-1.25125012789 -0.402526364291 3.71029091373
-1.24882996226 -0.511539695076 3.68468413438
-1.2393764582 -0.661751147438 3.64183673921
-1.24696378562 -0.568207925086 3.66986219239
-1.24786592947 -0.566377714383 3.67090434363
-1.2441324754 -0.667511916687 3.64647516888
-1.25448759186 -0.587369387599 3.67343573632
-1.21030178859 -1.26954322202 3.4820252463
-1.26020541382 -0.574791339961 3.68200213591
-1.26487520865 -0.578783978517 3.68634074471
-1.26094188144 -0.658464471537 3.66502697202
-1.26482518848 -0.61166426807 3.67900537979
-1.20784307185 -1.42427844064 3.44760696567
-1.2679893435 -0.576742954045 3.68995151872
-1.27169680008 -0.528653323216 3.70535509476
-1.26954905031 -0.566212208949 3.69340476712
-1.26964205123 -0.5736009598 3.69249341748
-1.28314524179 -0.384210172582 3.7464402425
-1.270156868 -0.577265465942 3.6915516611
-1.27220761305 -0.576313168842 3.69418041088
-1.24286770087 -1.01443430393 3.57027290211
-1.21691318855 -1.3873202969 3.46609177288
-1.26813787059 -0.671904809314 3.66928243494
-1.20448733485 -1.56810171042 3.41595048891
-1.27897799053 -0.55277935167 3.70623882968
-1.28560397078 -0.502786334557 3.72458229018
-1.29712707115 -0.387477603847 3.76102752284
-1.25306192109 -1.00475785067 3.58302142441
-1.26835716635 -0.831692335849 3.63549590255
-1.27821173288 -0.762207184705 3.66046616269
-1.29404750514 -0.595412553894 3.71294118424
-1.39103953441 0.718962024435 4.11474607105
-1.28975064582 -0.694796344473 3.68796744409
-1.23924493939 -1.40641838714 3.48533341954
-1.42122158153 1.05882913316 4.22913838053
-1.34645946007 0.0116706069591 3.90275666454
-1.30127625648 -0.616299149856 3.71621760999
-1.28932885541 -0.782576797606 3.66752713186
-1.30944717433 -0.55437692931 3.73757386987
-1.22143493127 -1.78954746854 3.39215586355
-1.37239095059 0.261883139286 3.97931551983
-1.30861358326 -0.641485125363 3.71790372479
-1.29971190382 -0.766483046133 3.68199295812
-1.30342656956 -0.774725332101 3.68424483239
-1.38713495732 0.35125846325 4.01956359784
-1.31513909167 -0.644735264489 3.72375851667
-1.32181855118 -0.567992141535 3.74737791938
-1.31013145038 -0.741147384449 3.69755871247
-1.30512873835 -0.814939855892 3.67712529419
-1.30179871463 -0.872958195935 3.66166272289
-1.31885104107 -0.6450757407 3.72792732878
-1.31934060889 -0.646908858975 3.7281886279
-1.32766481308 -0.534260882868 3.7638612683
-1.33971683231 -0.423229344932 3.7969648296
-1.36727247364 -0.0801786911643 3.89486928032
-1.34160697293 -0.427370730309 3.79931162814
-1.33034197443 -0.640969406482 3.74022961812
-1.29148521881 -1.16760154457 3.59012252332
-1.3307820263 -0.642879658578 3.73978112351
-1.33681773956 -0.589940290579 3.75731556187
-1.34970577861 -0.468902886138 3.79949279444
-1.40346378347 0.248535309871 4.01084119033
-1.32796622058 -0.786721858781 3.7057344658
-1.33062516969 -0.899382130586 3.6866569925
-1.33640586251 -0.842036836617 3.7041720992
-1.3740045205 -0.389870053053 3.83993433432
-1.42589033751 0.295867100013 4.0424698998
-1.39025457708 -0.20487163497 3.89687561124
-1.34763084592 -0.771595646919 3.73094431513
-1.28077873487 -1.66698812301 3.48101426367
-1.35837867642 -0.695093250039 3.75440109736
-1.39971668135 -0.199652624882 3.9087207967
-1.34260857132 -0.950163100492 3.68816866261
-1.35265055827 -0.825583305032 3.7235423145
-1.51018751253 1.22318138868 4.35712944288
-1.44095663063 0.291606317261 4.05740401986
-1.37528350982 -0.648225333587 3.78689331786
-1.48141235717 0.72441958579 4.19710026613
-1.39167491864 -0.523411027863 3.82728541921
-1.38922478905 -0.559672358594 3.8122010373
-1.43313178418 -0.00188205360733 3.98411329856
-1.5283980004 1.24160158916 4.37905509324
-1.36826967569 -0.848940681729 3.73750790919
-1.35766105209 -1.01213260136 3.69356367232
-1.51761745559 1.03341892344 4.31577776555
-1.36382777796 -0.974236861355 3.70677822908
-1.37534982003 -0.840735727418 3.74654170758
-1.3643729709 -0.998445239235 3.70256633888
-1.38663833975 -0.754423995 3.77554419664
-1.37524619475 -0.930680159232 3.72742998204
-1.38957702863 -0.757448465211 3.77802195954
-1.3704152547 -1.00785919628 3.70724585418
-1.40305419748 -0.611224349931 3.81869992475
-1.42798064259 -0.309093522269 3.91263438304
-1.42073728982 -0.46334031714 3.87269745037
-1.40115855655 -0.739671641387 3.7924217817
-1.44739223485 -0.198360597398 3.95089749644
-1.40692704907 -0.718207872135 3.80328780259
-1.37582882551 -1.1190941236 3.69156415345
-1.42030138922 -0.571017075078 3.84685939428
-1.40398222875 -0.781100060045 3.78612217147
-1.41868103212 -0.610200485202 3.83614169545
-1.40602346758 -0.794488415919 3.78735776297
-1.4250601823 -0.648310198093 3.83871367084
-1.50256928999 0.31219901844 4.12478580273
-1.43460030678 -0.559804826027 3.86526112742
-1.42145207278 -0.74221460049 3.8155390725
-1.41230344292 -0.926299547275 3.76789055146
-1.50055018157 0.13617903346 4.08374498899
-1.43225492585 -0.721618324641 3.82977879635
-1.44512370471 -0.583353497795 3.86959012375
-1.39303430379 -1.22954333337 3.68829306992
-1.41682521645 -0.948282673696 3.76821074611
-1.42711427837 -0.868546900181 3.794386948
-1.33873004443 -1.98100647709 3.48794996103
-1.39257356968 -1.33063435897 3.66757284384
-1.44201393156 -0.75413569016 3.83390137484
-1.39025232929 -1.39628016598 3.652268659
-1.52039934271 0.197842372613 4.11201765534
-1.44377572898 -0.834417228354 3.81976428382
-1.43417090274 -0.961773492361 3.78375137391
-1.44938506176 -0.778047003415 3.83758389321
-1.39659857032 -1.44246699988 3.64597689822
-1.53705229545 0.274396305264 4.14858675911
-1.42948914343 -1.04948400305 3.76031988825
-1.45476412826 -0.789336198026 3.84073834742
-1.47999249862 -0.487853096083 3.92823274231
-1.41409474414 -1.33917284997 3.68908956621
-1.40668946083 -1.44933172825 3.66054067259
-1.47025072955 -0.690714293232 3.87601656898
-1.45379175662 -0.898294785446 3.8181702217
-1.50714320784 -0.270206362664 4.00295560929
-1.46396120161 -0.810406832777 3.84571755039
-1.49206172237 -0.470687071804 3.94519997965
-1.48925212203 -0.508846404293 3.93400582066
-1.48098788765 -0.64726241228 3.89717825632
-1.46378826474 -0.871090304991 3.83450088646
-1.46904704912 -0.828331008876 3.84808731324
-1.49460492933 -0.522907003646 3.93705138571
-1.39992184051 -1.69162220696 3.60816004302
-1.5787103453 0.411627057085 4.22522548755
-1.45173740516 -1.13010665089 3.76908134093
-1.45868131991 -1.07101059217 3.78817469985
-1.47397583612 -0.903757014695 3.83847084346
-1.49208564192 -0.688758110991 3.89631449398
-1.4379628512 -1.35481506627 3.71197864394
-1.56084010217 0.0931051471695 4.13656278058
-1.48853282422 -0.795091471432 3.87511925304
-1.4931298752 -0.767353433544 3.88545247683
-1.46226020824 -1.14230664155 3.7763644872
-1.56915986727 0.0830201280814 4.14234816894
-1.55197375084 -0.137805236488 4.07177568748
-1.50421656197 -0.743344641756 3.90205590047
-1.62655103898 0.669719424517 4.33368235087
-1.50684961715 -0.828865209873 3.88786083397
-1.54937147371 -0.344746862931 4.03054677512
-1.51510360414 -0.771750763662 3.90831785728
-1.51768796026 -0.745580099619 3.91560191143
-1.52261296777 -0.761251266498 3.91791673524
-1.6380263984 0.59400819879 4.32731893952
-1.52694346045 -0.718180912496 3.9316679862
-1.52062325002 -0.794704625414 3.90938734604
-1.52483874449 -0.753369505735 3.92133651244
-1.54837214724 -0.483624858815 4.00105888339
-1.46649119562 -1.44961176676 3.72526975318
-1.58188511687 -0.107825515836 4.11095226509
-1.61982127759 0.326253201152 4.24608091606
-1.50085958909 -1.12494233436 3.82364523784
-1.51053758633 -1.0152356642 3.85393732179
-1.46793156551 -1.52060423366 3.71365113672
-1.53508234815 -0.775328263142 3.92886586416
-1.51990438164 -0.952984286995 3.87664149444
-1.53732583197 -0.760681709683 3.93387210696
-1.58919582844 -0.160408380806 4.11117199744
-1.60565155997 0.0150704111037 4.16485955045
-1.66077872704 0.642031082978 4.36111392879
-1.57254060138 -0.400947634673 4.04208398179
-1.54514897404 -0.786546543524 3.93670218607
-1.50045982816 -1.30672560753 3.79005355323
-1.53516113204 -0.936472894907 3.89712200223
-1.69439136699 0.825250246766 4.43726063606
-1.44291939259 -2.07828845494 3.59064323442
-1.5651662636 -0.744439667691 3.96778729796
-1.56064500993 -0.812795958372 3.94759267947
-1.62384420577 -0.12941934099 4.15131371095
-1.5640155964 -0.811015726942 3.95200755586
-1.71624665694 0.904587589882 4.47706900455
-1.63250562168 -0.0618116521034 4.17591192553
-1.57009353989 -0.778549740868 3.96473116354
-1.67214557804 0.352230383709 4.30665611018
-1.52907167331 -1.27345645196 3.82637983056
-1.43446853459 -2.37223033368 3.53329915862
-1.54869367611 -1.10488558141 3.87940848486
-1.5776745649 -0.792775915457 3.96985624433
-1.51765841522 -1.49005968183 3.77443602332
-1.57657604011 -0.844854469573 3.95892704194
-1.59092466146 -0.708128599544 4.00064158132
-1.590808736 -0.720296927701 3.99542091872
-1.59103722803 -0.74625780741 3.99299190345
-1.68116116528 0.257857932612 4.29363228265
-1.46609995406 -2.14876460947 3.60503198575
-1.55580348691 -1.15463267798 3.87633525565
-1.62626347648 -0.391215961819 4.10154234833
-1.71616141147 0.584944092071 4.40134306716
-1.5601094943 -1.20081109607 3.87391576628
-1.60426942783 -0.718115622338 4.01387720144
-1.55182197542 -1.30169536027 3.84655164113
-1.65242673091 -0.197384131595 4.16667161924
-1.54438482089 -1.51980033104 3.79941782148
-1.53706249367 -1.60916167395 3.77537110767
-1.7466673854 0.675575330851 4.45327232923
-1.61493229786 -0.807227263709 4.00703497907
-1.61323241443 -0.828870390331 4.00034034433
-1.69428373956 0.0531659521583 4.26341430673
-1.66202785649 -0.315145853828 4.15434889304
-1.6080255506 -0.92468983502 3.97700371849
-1.61285937145 -0.905700924991 3.98593885721
-1.5669156933 -1.42010027197 3.84153721254
-1.58736805305 -1.20375641034 3.90193416665
-1.79311289073 0.946746578717 4.56191953352
-1.77747398257 0.756342293657 4.50160438865
-1.74700732093 0.397263407107 4.39009317974
-1.73248764999 0.221032022995 4.3373394158
-1.82868100864 1.25235764467 4.66791748444
-1.76544398256 0.541486217411 4.4413373612
-1.58175292797 -1.49485430106 3.84341600492
-1.62989792975 -0.992662511415 3.98503309275
-1.6796003872 -0.464344735196 4.1423173891
-1.66437659352 -0.685428538605 4.08304939993
-1.61448581791 -1.33892312922 3.90719996522
-1.60891739552 -1.40467099559 3.8930757731
-1.81900396708 0.824770361684 4.55702512874
-1.81430163438 0.684341290553 4.52283255013
-1.67103695388 -0.901402281297 4.04855335928
-1.82799859128 0.756859209147 4.55223262055
-1.83072614007 0.784874141952 4.55986795009
-1.89110671625 1.39177063052 4.76093480727
-1.70957832156 -0.573520939273 4.15121647235
-1.64409000741 -1.26372802288 3.95264541391
-1.88268323159 1.2570920977 4.7210757345
-1.66101293661 -1.08907368751 4.00434751859
-1.70978279522 -0.591068221196 4.14875521272
-1.6678085955 -1.05446761417 4.0175369169
-1.73198979035 -0.412612930049 4.20742572331
-1.63771346736 -1.41000176276 3.92053079582
-1.89746838553 1.25405915549 4.7336034338
-1.6433217812 -1.43379300576 3.92241311454
-1.78197648486 -0.0314937329122 4.33458671966
-1.77592718078 -0.136233655342 4.30708224985
-1.78941832562 -0.0137730687229 4.34690965613
-1.66129999675 -1.37781927171 3.95233886018
-1.66069979936 -1.39029935323 3.94869178484
-1.73028134095 -0.922583734527 4.10746981696
-1.85031647324 0.278437367945 4.46783994728
-1.73033495114 -0.973103993611 4.09862063067
-1.77094083827 -0.596095644868 4.2114991414
-1.67535115982 -1.56678572787 3.9350919133
-1.76902853183 -0.842088081454 4.16362930953
-1.76094336942 -0.933606194097 4.13919469889
-1.91159529314 0.543333315399 4.58619728882
-1.96778211633 1.10959429073 4.76739504572
-1.8873956029 0.205633019484 4.49144257941
-1.83686712807 -0.361732720106 4.3239720095
-1.77634553692 -0.965267149058 4.14956095328
-1.83914196114 -0.365015111375 4.32374746253
-1.88805450261 0.121752613924 4.47371690212
-1.65269645343 -2.24147242527 3.80603246386
-1.9594553353 0.776611064262 4.68214248084
-1.7701299073 -1.11413720869 4.11687970804
-1.73944315275 -1.43306455379 4.02914518673
-1.88208892794 -0.0722368800463 4.43027334435
-1.77520137191 -1.17604301753 4.11088126001
-1.76025838194 -1.34633631495 4.06606040363
-1.97352356624 0.726791333769 4.68748690981
-1.79344656801 -1.05069882288 4.15272820517
-1.76415704325 -1.35492809502 4.06857978763
-1.79784236964 -1.02948997294 4.16086253041
-1.8840230797 -0.221582472222 4.40029215749
-1.85871581698 -0.531217025142 4.3169265027
-1.83512905201 -0.812316210906 4.23993397959
-2.00646350404 0.836148357245 4.74337764398
-1.99165130945 0.688375807157 4.69719769856
-1.83826948736 -0.91111597268 4.2249640797
-1.84473129641 -0.879780849008 4.23764125358
-1.92285505947 -0.185617245897 4.44575708139
-1.82980901966 -1.16409258003 4.17292933203
-2.06089781582 0.98241321712 4.82853634426
-1.87562499304 -0.859175011134 4.27433967003
-1.87439317606 -0.882596090504 4.26878090495
-2.12280453501 1.43243053196 4.99143511175
-1.8817407071 -0.953857136122 4.26409339004
-1.93779983293 -0.4338706487 4.41607056624
-1.89384652578 -0.855903686255 4.29335819656
-1.98155898557 -0.0487687238701 4.53485331254
-2.12928492674 1.32020220993 4.97193996546
-2.02139011275 0.201886384131 4.62397551324
-1.89245356946 -1.01204679031 4.26461605263
-1.86386787642 -1.28187032526 4.19099316453
-1.99999773722 -0.061446475636 4.55029900758
-1.88097353975 -1.17746366687 4.22562793703
-1.94430043001 -0.667647639612 4.38185821011
-1.95352593768 -0.584152927305 4.40600787615
-1.87326877391 -1.36639533681 4.1862345529
-1.94534405616 -0.729128502857 4.37098593293
-2.05968085256 0.306526296187 4.68450355534
-1.90713839332 -1.09524464031 4.26783438147
-1.86720238574 -1.5006778919 4.15860216127
-2.14528969534 1.02276037843 4.91938138692
-1.98963704444 -0.431438364776 4.47112497074
-2.07460678911 0.344484197093 4.70484408683
-1.81846161281 -2.00208462266 4.02869785086
-2.11725212181 0.690160999766 4.82122352309
-1.92862850899 -1.05161955665 4.29858267956
-1.90433029883 -1.30123194528 4.23125208589
-2.20466924496 1.42631248224 5.06704841559
-2.1452113894 0.861504217753 4.88387184368
-2.01492691507 -0.351308282788 4.5123362517
-2.08312797927 0.264609695634 4.70051010783
-1.92973572733 -1.13717865701 4.28527011757
-1.93329022811 -1.109466759 4.29411851931
-2.02720035466 -0.294757199908 4.53371183123
-2.21793424866 1.40207126613 5.07440335127
-1.9623331707 -0.946995468584 4.35268803989
-2.0918006006 0.19378496888 4.69306764614
-1.99945286286 -0.643416716272 4.44314238421
-1.9437391807 -1.17871054143 4.29344210282
-1.95450722022 -1.17386439921 4.3058919684
-2.09422339357 -0.0333102111302 4.65222227359
-1.98378944773 -1.07403378243 4.35427286594
-1.98400313279 -1.16594360589 4.33926052121
-2.12009040319 0.0220179023789 4.68732037099
-1.99004323999 -1.11982640171 4.35369491228
-2.02685750762 -0.838559640914 4.4385647703
-1.9973009891 -1.09700087125 4.36443339072
-2.22164559351 0.863881115857 4.95969975412
-2.00220817242 -1.09386513079 4.37085149985
-2.06297662304 -0.583965656759 4.52105120253
-2.01993630854 -0.96036097843 4.41087908291
-1.98686244342 -1.25256735223 4.32963989096
-2.01872633397 -0.988526117129 4.40507502998
-2.01626569993 -1.10797144553 4.38369238395
-2.21355120687 0.596306084075 4.89684179849
-2.00664617518 -1.27252025542 4.34753556799
-2.03413666916 -1.13520193791 4.39982115578
-2.04778440046 -1.02108070498 4.43013250527
-1.95829083947 -1.81869139044 4.21370137425
-2.06934857313 -0.879100652295 4.47801852676
-2.04593857407 -1.13391550401 4.41166499848
-2.10013485063 -0.694624248606 4.54178431541
-1.97601916454 -1.7794158826 4.23817835503
-2.21083465398 0.205376811589 4.81734593831
-2.08369317044 -0.928174696151 4.48598747307
-2.10009668268 -0.875875633872 4.51151859217
-2.06936062542 -1.13711364775 4.43636239147
-2.17466762274 -0.293641801652 4.68812660271
-2.15637468573 -0.483159672748 4.63604335865
-2.2734487055 0.37970156043 4.91328914799
-2.22969503917 0.0113901935597 4.79992829706
-2.07951722912 -1.24931586644 4.43056891474
-2.16638519969 -0.53533957241 4.63721920881
-2.14095562584 -0.898207492686 4.55232599017
-2.25912122154 0.0157193464249 4.82936250736
-2.17685747584 -0.796824046995 4.60675610675
-2.10236142707 -1.4654029327 4.42309720482
-2.19214377776 -0.900135299493 4.60539314638
-2.23976421783 -0.532403936081 4.71473896202
-2.06141204207 -1.97996528634 4.30739809695
-2.19398824903 -1.04376039029 4.5856078737
-2.29837128864 -0.263020324552 4.82273592308
-2.30974099266 -0.200376103944 4.84504514653
-2.41362152499 0.537181896179 5.08490772494
-2.27824882109 -0.675766528264 4.73308804689
-2.27318262101 -0.739669539217 4.71736542359
-2.43628599466 0.511887481599 5.1008470521
-2.34790172341 -0.190756407406 4.88667141376
-2.37340029526 -0.121784615629 4.92377580473
-2.35743332301 -0.258091266667 4.88426614975
-2.38938563484 -0.0423413997251 4.95431359531
-2.33416142351 -0.518833740298 4.81776325792
-2.41094874958 -0.0885492780342 4.96869529984
-2.41856789288 -0.319697393324 4.93846210486
-2.26244957417 -1.50653445518 4.59448042244
-2.28361958513 -1.40279194864 4.63222799649
-2.48517537155 -0.212085838316 5.02387285383
-2.49287654366 -0.377117298728 5.00605063863
-2.53000900058 -0.115434917291 5.08614762748
-2.39820569591 -1.07915681908 4.80162079508
-2.53416429064 -0.121805202277 5.08978824241
-2.5409330813 -0.113772713819 5.09728744142
-2.54108619252 -0.133525835732 5.09566237619
-2.54272628783 -0.130538959361 5.09646600274
-2.53487182051 -0.402610629813 5.0452033886
-2.57230211272 -0.163494889936 5.12247876023
-2.52985473821 -0.508248469904 5.02509144987
-2.6965051141 0.410121213054 5.34503606645
-2.61079670868 -0.226814596877 5.15260686185
-2.6113612626 -0.237105480817 5.15127029417
-2.58946599073 -0.509498630722 5.08759215853
-2.71240837788 0.299937229234 5.34217796257
-2.69982507014 0.130403279831 5.30053158811
-2.81134022577 0.548452437243 5.48382692127
-2.66476249245 -0.72838540326 5.1359982478
-2.65821761711 -0.93259740293 5.10108039667
-2.84589711934 -0.29641872337 5.38629965677
-2.91578269421 0.0811205743463 5.51326576814
-3.00266821122 0.523297088555 5.67116180342
-3.0515145218 0.722810767867 5.75153276216
-2.94758167223 0.00980649305114 5.53576693373
-3.00060347795 0.147435050992 5.61029330705
-2.91743219231 -0.445591338714 5.43986080692
-2.86627856285 -0.804832191148 5.33978382816
-3.02098786682 0.0909976403798 5.622719165
-2.95172633746 -0.562757811713 5.46029934434
-3.22561361942 0.600464959709 5.90595169812
-2.95486651253 -1.68969915595 5.3458299276
-3.27800709839 -0.0264289176951 5.86889715581
-3.56666315301 0.557965486453 6.24042255889
-3.2002532334 -2.10063109402 5.59457934361
-3.76403252112 0.152103846582 6.38748654377
-3.49295022264 -2.09014308169 5.92878367631
-3.62031213459 -1.78970083125 6.0827831011
-1.05582853288 1.53539393035 4.00743453645
