3.67349975048 -0.554875064587 -1.02553545116
3.41135589723 -0.428394988315 -0.737858061119
3.62467404627 1.76823548859 0.124603777021
3.49997613067 1.40783049075 0.0512413632109
3.16442172094 -0.342373008646 -0.482984376793
3.27054916643 0.287204351923 -0.285837565132
3.1847195858 0.0319282776653 -0.329256799304
3.12703956314 0.28612043429 -0.164363820254
3.09985475392 0.176113804441 -0.191221836378
3.12126953159 0.451469194434 -0.0828339998722
3.31585215066 1.71389654521 0.340109135693
2.98584698584 -0.26217992672 -0.288895273677
2.97462106831 -0.0850867036562 -0.199821280958
2.80131041515 -1.12989348996 -0.505665315234
3.1648705533 1.17799120124 0.212127303775
3.08983135704 0.777902437387 0.0908217169673
3.04848933896 0.713612423441 0.0965789056507
2.86045806934 -0.40563250861 -0.240500761869
3.17273407398 1.65062296707 0.423142742842
2.79539440451 -0.704920896667 -0.313858049296
3.17602460568 1.82632492477 0.502371112495
3.16923354354 1.78402056456 0.487179476565
2.89727268056 0.10703028954 -0.0457204189126
2.83130978623 -0.231378239328 -0.137047297181
2.68341216332 -1.15489320695 -0.406092315688
2.82743746016 -0.183015006426 -0.113006111494
2.76125311297 -0.412007136434 -0.154832750008
3.08042335791 1.98294380549 0.649761189084
2.6588184838 -0.740311284688 -0.204550426961
2.80556418154 0.29469101919 0.116585850674
2.78446481602 0.158070021105 0.0749195444365
2.85292451543 0.63513043857 0.226493105244
2.69467748937 -0.3938167866 -0.0868380010645
2.74409699143 0.203302393747 0.130460885825
2.58326122926 -0.852726038303 -0.182241504705
2.64132166572 -0.224318272677 0.0339443445091
2.71129664812 0.558702441967 0.314948002726
2.51820602474 -0.750889287204 -0.0774175522139
2.64989096824 0.262471834838 0.237020054045
2.51206364555 -0.601881365663 -0.00911378387125
2.60165003679 0.0938675391858 0.206700937246
2.52861411003 -0.272887506169 0.11625009062
2.61472756263 0.417764169265 0.334793878078
2.44613382315 -0.684497707547 0.0170953477135
2.66487357072 0.934275558211 0.517829026891
2.52995135121 0.0803994861112 0.262666472651
2.70434960892 1.38873491091 0.685415703322
2.38937635623 -0.649677056521 0.0842732160493
2.48448183995 0.0631707845191 0.296496112791
2.68411626358 1.58926292422 0.791703714565
2.39439298838 -0.504813075304 0.140629130666
2.76146191141 2.32618047332 1.05666699833
2.36047218426 -0.71353184279 0.0853789288371
2.46155757686 0.0582155035166 0.317929126408
2.50719002431 0.452298630333 0.444680956375
2.50071387785 0.407706782276 0.430477970627
2.4516265258 0.108534152505 0.347613858379
2.45678257786 0.230772965035 0.395244539133
2.34393685972 -0.624994617326 0.137064289373
2.58980608479 1.34799976202 0.761861776614
2.44532260283 0.241567044944 0.40712601464
2.67079813852 2.12537585123 1.03847951153
2.25587401575 -1.0336053253 0.0512104483109
2.41057614258 0.189145674519 0.411109469354
2.44614939355 0.47948300869 0.509635601595
2.42407289303 0.312525917472 0.457349152796
2.4285916531 0.450842151845 0.512598173635
2.40331441828 0.267443200086 0.456954679595
2.5595395671 1.50841057013 0.857566466048
2.3275796999 -0.301755423135 0.286486408489
2.32890093746 -0.19276975351 0.33041286608
2.41417223627 0.53241536574 0.559848948403
2.39357743541 0.382322985225 0.515595743483
2.40157910477 0.468540867001 0.543917814377
2.31088708454 -0.239983419462 0.328712617343
2.36657476694 0.24780617838 0.481263244259
2.2099142402 -0.966543142872 0.122860253625
2.36346307806 0.267900947338 0.495800567123
2.47130748359 1.14920713123 0.776282905623
2.31921049287 -0.0535321089285 0.39869017039
2.45583929007 1.06424316667 0.752754881161
2.39485131722 0.607381714359 0.608696141774
2.34611800699 0.233625401458 0.494045994325
2.19417733113 -0.980254965788 0.132615542804
2.35595965393 0.357724049751 0.538192109781
2.30029790453 -0.073109043449 0.406851876733
2.34163014304 0.312099709913 0.530614972827
2.337715811 0.28381518475 0.521496704941
2.32090137433 0.164371302348 0.487452532268
2.33851427409 0.307282446102 0.531351122137
2.55918094587 2.11907262262 1.12504658137
2.31221055095 0.113249523096 0.472771573334
2.28731402721 -0.0707440430273 0.420141595313
2.35283052156 0.47842702482 0.591618216298
2.31788732096 0.20170104942 0.506248098706
2.27022425108 -0.133713352352 0.409026732632
2.235631677 -0.403399201259 0.329434557132
2.50199879234 1.8053441246 1.03442410363
2.30892663219 0.268243123197 0.540057802002
2.34727938701 0.616774128696 0.654518121395
2.30666668084 0.313887940692 0.562364678257
2.23245777452 -0.269931953431 0.387720047122
2.13942163347 -0.988168443146 0.181643867514
2.51719847587 2.15904741525 1.17675484773
2.34505113263 0.727080815133 0.703346813197
2.24448994074 -0.0874808027238 0.452184018431
2.24890431278 -0.03196205801 0.470533308459
2.37554540609 1.06357844365 0.819942619354
2.21784660544 -0.132857000077 0.456613323695
2.50435751887 2.30797894341 1.25333128301
2.25798764735 0.312048942579 0.605382652627
2.29838127848 0.682016850709 0.724898349538
2.22807723378 0.0988385868642 0.54476064081
2.26981794947 0.491785469895 0.669369347422
2.39398015949 1.55533164494 1.01603444017
2.31242333399 0.898956257612 0.803903424027
2.22517335658 0.17650177328 0.577629728336
2.21122593766 0.0593182273307 0.54286985109
2.17166658976 -0.268649987659 0.44327770154
2.18567405871 -0.133971766667 0.485399541841
2.25584326834 0.523527118262 0.695994934362
2.15263992851 -0.352509677126 0.426992777713
2.23915501864 0.389123556166 0.657322065582
2.48266732166 2.48542373183 1.3489010836
2.25599762666 0.547647704121 0.706142297628
2.1111298919 -0.676990530982 0.337905066151
2.19438999317 0.0675167406618 0.560446030279
2.22353709133 0.320964806724 0.640241417978
2.20692079423 0.254138631179 0.626327745474
2.17098898022 -0.04530285108 0.53514538856
2.44622613602 2.33435995183 1.31135136645
2.22546236837 0.435424725285 0.685589936359
2.14246475945 -0.238625318766 0.483256957791
2.33446382323 1.5880427984 1.08005663947
2.23156488031 0.711315873731 0.796104167569
2.18637171893 0.342236012551 0.682496596898
2.24215303824 0.829602776355 0.835708511815
2.39255141492 2.16605453564 1.28104180412
2.28701830884 1.25161364026 0.975162957273
2.16083667045 0.165707276442 0.632688513461
2.34034463981 1.77783164088 1.15551376016
2.18066187818 0.406618047068 0.713855282511
2.19042319013 0.495610425895 0.742385495875
2.22507703496 0.804997852713 0.839185447112
2.18626831704 0.486559300934 0.741480867118
2.05666345316 -0.579139219468 0.425848588263
2.24646816569 1.09153965588 0.942650432248
2.04695719294 -0.649456222339 0.406784036529
2.36151091356 2.13173122448 1.2909236391
2.30344762589 1.61660389261 1.11700721495
2.16217410578 0.371811046151 0.716245771066
2.09911572978 -0.157472965978 0.556003144966
2.17252088888 0.50841925705 0.763520300689
2.16499208953 0.448020166231 0.744476684439
2.09304287234 -0.17366828923 0.555235662735
2.35722808237 2.20061202673 1.32427869189
2.13746300278 0.274559131591 0.695897012646
2.19504955917 0.809411459801 0.8677020493
2.14101144879 0.384568051885 0.739732213432
2.34094952582 2.18436540358 1.33193961192
2.11236244556 0.166650113573 0.676472120386
2.29505308551 1.82562354332 1.21360071797
2.06325397032 -0.247402699638 0.552787893312
2.36198569091 2.44992279944 1.42970527133
2.16780670933 0.716255143505 0.853578087916
2.19458856469 0.962779495029 0.932987628837
2.16375749068 0.700446679652 0.850208704335
1.99104309124 -0.790017054111 0.403617373883
2.08406402529 0.0735354120891 0.663381538452
2.16501478401 0.813567357752 0.894677085418
2.0893108078 0.135327959155 0.684124919087
2.06170760212 -0.0794016454246 0.62278884911
2.07175888897 0.142430777427 0.702418297365
2.1031111658 0.480595259849 0.813040624537
2.19751925498 1.43604434267 1.12937550502
2.17668071486 1.25427978328 1.06958411713
2.08061729869 0.384841253264 0.794719775641
2.09361404433 0.552241121775 0.851184231669
2.16418087742 1.22998434655 1.07139924291
2.05369616971 0.219929657418 0.748116880817
1.99998770059 -0.271244110154 0.6018183952
1.88938595733 -1.25030627963 0.32139809076
2.11394695772 0.854185756854 0.957537122577
1.93479937469 -0.731462051923 0.481938035914
1.84352856815 -1.53791923761 0.254692620525
2.14026847095 1.22514818205 1.08907502435
2.08946584251 0.758567634896 0.938850101795
1.87478794766 -1.17067824538 0.366671766532
2.10171270293 0.944430193991 1.00548307258
2.01672436127 0.212320750796 0.778972758967
2.01646685719 0.216633211367 0.781710605295
2.01298251788 0.210206425169 0.781944767042
2.01917516036 0.271083982652 0.801524243507
2.01340469602 0.219450010267 0.785489284923
2.0755730377 0.820400107669 0.977818172997
2.19591549709 1.96117479598 1.35343598903
2.04529629552 0.542221517338 0.89056841464
1.91505729407 -0.667561489486 0.524571682453
2.03673663183 0.474662660174 0.869812925714
2.185620398 1.94667556065 1.35487898045
1.96202961201 -0.159846173906 0.680298541055
1.91483674967 -0.600559643617 0.551171980252
1.83497712127 -1.34448873331 0.339060357852
2.04559854527 0.635524042108 0.927980007448
2.11446081261 1.29166392332 1.13941771377
1.94866327067 -0.246859602125 0.661352130368
2.15653167174 1.74692930395 1.29385033556
1.82476802845 -1.38223843575 0.334435465065
2.00990041496 0.359354488866 0.846354906013
1.98036412107 0.139484416509 0.785991931796
2.07673520159 1.11537591058 1.09980542395
1.97273426433 0.133125777443 0.789976081937
2.02815771987 0.715869808238 0.974733201831
2.01272727076 0.581135149311 0.934582474099
2.03585145313 0.822885643595 1.01341094376
2.03403340717 0.82492919263 1.01582494273
1.9955593768 0.528866850044 0.928733117595
1.98627616225 0.474637080917 0.91597311631
2.00806788398 0.69750679826 0.985782030432
2.05092769369 1.19696549924 1.15467462573
1.77014897275 -1.49644765092 0.344916067808
1.95301766901 0.291637179531 0.871405527152
1.9732497489 0.49646959871 0.936085065915
1.97878208978 0.554915193751 0.954038293965
1.93038590685 0.126549100341 0.826150464527
2.16462015594 2.45187486644 1.58833304773
1.9735609148 0.585894728245 0.971239068658
1.9313736891 0.179846099616 0.846962611043
2.00461799962 0.943977020668 1.08962847148
2.15825565984 2.49501248083 1.61260047862
1.76170236994 -1.24705824612 0.448216971368
2.07011166063 1.81059898164 1.39426883214
1.95470845168 0.709837265838 1.03811803085
1.93868640593 0.613808345269 1.01434539933
1.79807014022 -0.765178001256 0.599248060896
1.92180091198 0.467692809994 0.969913045585
2.01083464453 1.40044951727 1.27343049318
1.91903036488 0.531468203369 0.998155061793
2.08652460804 2.2544157379 1.56753612714
2.05136237211 1.91761156894 1.45453547616
1.80392650419 -0.56779314863 0.669821484721
1.80697124824 -0.528429513676 0.682293344626
1.8189611855 -0.402391071118 0.719598628794
1.8607982979 0.0435708189203 0.857020301424
1.87169864625 0.17539414511 0.89960761336
1.92411560357 0.721022379622 1.06996293726
1.91021485684 0.601224379105 1.03427093615
2.00684601905 1.60738344673 1.36252312336
2.07102232805 2.27578575831 1.58995256826
1.82438814257 -0.110255294745 0.829767471509
1.75412585745 -0.80371696919 0.625299495737
1.93141715816 1.08816708302 1.21324566834
1.99552144384 1.7497294625 1.43082830575
1.90032253655 0.811956416282 1.1284398431
2.02163073746 2.06681219731 1.54154003065
1.8054534816 -0.100062620478 0.851078925034
1.86715170227 0.533647415179 1.04476414339
1.98967023996 1.84560336176 1.47617913352
1.85973936611 0.597092087723 1.07821052605
1.93720955646 1.43685908493 1.35092703508
1.79001971275 -0.05028366628 0.885561650452
2.02457770646 2.41948147677 1.68863796909
1.80525259556 0.13426732048 0.940159834621
1.86785866947 0.789219558944 1.14819394613
1.81400642006 0.245873644051 0.97794755734
1.76485738432 -0.125173978475 0.879530759853
1.85289442864 0.821223494321 1.17405074052
1.78313284952 0.0922598160251 0.947142641877
1.83321246372 0.618259965001 1.10850754074
1.99393738816 2.35370585013 1.684872628
1.72636588779 -0.470545394437 0.784389018761
1.67899407845 -0.946542312982 0.645543751177
1.80572942704 0.390811195862 1.04243296757
1.85896517329 0.974880925038 1.23039006094
1.82923269812 0.688887056366 1.14213100219
1.80595207058 0.45471772832 1.06954126763
1.89902509281 1.45475016713 1.39119795055
1.72510214383 -0.386884403039 0.814814736668
1.86064275955 1.0503255034 1.2592373244
1.81163584445 0.60638009967 1.12305319577
1.66878443259 -0.896002506072 0.674279832624
1.85127813612 1.10082892426 1.28776986081
1.83724029253 1.10536925129 1.30323782659
1.7592600538 0.27224753233 1.03907465368
1.63880413041 -0.96744660288 0.677168537052
1.73881804036 0.130195877933 1.00158570747
1.75853436231 0.347414014135 1.0689314804
1.59788061203 -1.32534041341 0.583246492782
1.84942441079 1.40623783771 1.4133229188
1.84312423615 1.38046951989 1.4088097539
1.63003661732 -0.924235530651 0.701326117906
1.74092573773 0.297848117509 1.06703372791
1.74644579166 0.415318090164 1.10666447605
1.76744898468 0.648200629286 1.18140961491
1.65687927233 -0.5141078003 0.834064558239
1.59050492375 -1.22713277207 0.626856102255
1.70230801823 -0.0105820199618 0.980856929605
1.88900502595 2.1018507009 1.66606956519
1.74945401858 0.569012470076 1.16563514827
1.69689755127 -0.00514970412959 0.989667031788
1.8183216812 1.35111570235 1.41810913013
1.58625223298 -1.19153789334 0.644767642051
1.75744542533 0.686415858879 1.20524700827
1.69617293816 0.0324125367795 1.00404770028
1.64731357433 -0.470229835434 0.858143867139
1.86114900748 1.91353524743 1.61174000159
1.69918203566 0.221858675129 1.07511135158
1.76951620805 1.04629836655 1.3372020955
1.70881944772 0.416461999652 1.14246416391
1.75966593839 1.00272777336 1.32719849866
1.8034332037 1.56283884847 1.51732454147
1.60977044797 -0.56242326223 0.858055734239
1.59322621366 -0.735724726364 0.809498620626
1.59828118437 -0.643925091138 0.839477864096
1.67337662015 0.248833883479 1.11173719186
1.72594202662 0.843019073213 1.29590308238
1.75260488271 1.19713073355 1.41314408352
1.64931523001 0.0852749030722 1.06891026341
1.68749280998 0.576124147473 1.22468293979
1.73916789408 1.1976499917 1.42458696557
1.74668375638 1.3160765347 1.46883635414
1.73068216001 1.20021810653 1.43390714321
1.78144933027 1.82311426531 1.64102775817
1.75577270905 1.55584016295 1.55522246887
1.72603005644 1.22308142809 1.44705144136
1.71315499653 1.08561358321 1.40209401507
1.61878618814 0.0303685767606 1.07585618403
1.6395541493 0.290188390819 1.1559180212
1.71877934707 1.25498821863 1.46560058606
1.62374871999 0.159237101034 1.12078794153
1.54990189477 -0.650342873471 0.883422210481
1.68906007577 0.974327413321 1.37903969974
1.73631771094 1.54397350636 1.56731412645
1.71374029353 1.31316915083 1.49262042103
1.49618066114 -1.21039779336 0.728538617353
1.76506030544 1.93395145657 1.70086996497
1.63119894991 0.450486833597 1.22653227605
1.70756796485 1.35829551462 1.51727704443
1.59084342703 0.00311826248537 1.0903563719
1.72268994889 1.57588728186 1.59181578869
1.74231739927 1.88536311146 1.69993665916
1.62467464529 0.541629084584 1.26798344367
1.50803767407 -0.80639113552 0.864891304545
1.7019311649 1.48805159117 1.57464412385
1.62074793373 0.569656216923 1.28201640626
1.62074665628 0.663177881164 1.31843334129
1.61900189484 0.660941086083 1.31910404146
1.57999703747 0.240886750836 1.19214177262
1.69322601633 1.67744252853 1.6573807536
1.7364401892 2.21642052022 1.84078877175
1.67706488415 1.54376509012 1.61765457142
1.60378228861 0.728961642741 1.35958371825
1.48317721837 -0.704383469374 0.927277174629
1.58203063489 0.505506685787 1.29069963571
1.57087997965 0.394789203824 1.26037092439
1.53575191534 0.00354299122557 1.14203249748
1.52412659512 -0.0375408229259 1.1388801171
1.60398552161 0.954901277078 1.44597935454
1.44588743412 -0.958843700736 0.869799027467
1.4808458963 -0.52662097378 0.99671609533
1.51917006665 -0.0554260529139 1.13570831983
1.52942325446 0.100179084959 1.18532881903
1.44012517517 -0.980414829149 0.868574616955
1.42194369327 -1.14328821726 0.826360122177
1.59063762164 0.94492602636 1.45715369529
1.42160068747 -1.12144918 0.835570510577
1.43392602715 -0.960853695981 0.881142356396
1.4527635419 -0.719901122012 0.951899090404
1.51264139057 0.217548605219 1.24534761339
1.63871122065 1.80293249288 1.75367470907
1.45168741804 -0.462403396198 1.04845393583
1.62068915189 1.68750843784 1.72410316416
1.6016061284 1.52470030556 1.67452723165
1.49069074267 0.132737682742 1.23409624573
1.40063695172 -0.993689785675 0.903009003577
1.42728248056 -0.652751322402 1.00058647319
1.64606360279 2.11362544524 1.87356499942
1.51163544605 0.473992360331 1.34337273153
1.52311522611 0.704615651676 1.42241544178
1.38431712862 -1.01487651528 0.910985685107
1.56226369537 1.25678706595 1.60342177823
1.51858533942 0.738168551405 1.43930276165
1.37615776978 -1.01365913895 0.920430316127
1.46483846977 0.133925046684 1.25914053352
1.47415199824 0.271771258772 1.30187035525
1.55333423795 1.31477272842 1.63449192167
1.49433408115 0.556598138208 1.39293071433
1.3821895716 -0.820817142655 0.98327828842
1.4757666742 0.396434159839 1.34663147721
1.48481387202 0.540906832026 1.39348753101
1.49552698659 0.711871164636 1.45067212235
1.527261514 1.12492041507 1.58228534108
1.57216801463 1.75610235254 1.79220668731
1.469990032 0.431886656568 1.36442897399
1.61260550678 2.3227737588 1.98628326061
1.50486096839 0.922170202715 1.5232970993
1.43140690235 0.00481425407406 1.24194293232
1.37671696313 -0.686695578245 1.0382933053
1.47901851646 0.663614852934 1.44720097638
1.36319174761 -0.838965592155 0.995720424056
1.5647516739 1.84893080705 1.83576043764
1.55405613228 1.76223633891 1.81006418279
1.51422110498 1.24712114707 1.64090478059
1.5237380407 1.38209348728 1.68634468991
1.43866451018 0.283086552454 1.34007712615
1.46028757501 0.58661574117 1.43453377646
1.35629122973 -0.762580246124 1.03016645119
1.54939080653 1.85023545019 1.84907877279
1.56648695243 2.08134303632 1.92808013059
1.43063269971 0.292410908287 1.34995348552
1.34351724747 -0.847815679023 1.01232514131
1.50689825134 1.33692053729 1.68276831482
1.48619597473 1.06356688328 1.59502198816
1.41447393394 0.131166744556 1.30395893498
1.41652683872 0.203856761997 1.32947632616
1.44998127056 0.699315338179 1.48772763391
1.57797250761 2.43484916673 2.06135977824
1.5230620349 1.86868819417 1.87884015093
1.53092195498 2.00984650054 1.92907160073
1.46449978697 1.14293209032 1.6456510269
1.42768509568 0.666034597816 1.49456406153
1.42235113947 0.615417954951 1.48087907078
1.46797229002 1.25611276967 1.68602803889
1.42588352525 0.744444922577 1.52723939388
1.51825925952 2.05892295591 1.95944389678
1.3848375032 0.229914385229 1.36986388811
1.37360139395 0.0929267475196 1.32899128893
1.54177664143 2.45695524536 2.09995630878
1.43527208579 1.03686526579 1.629458581
1.33092256902 -0.383927343899 1.19303991106
1.37697015311 0.285997573285 1.39722043514
1.47934833275 1.71767387513 1.85690591527
1.50703441423 2.13051360194 1.99709463492
1.43079976707 1.10775944082 1.66110010276
1.46418763243 1.60338317163 1.82488098314
1.28820770995 -0.809914250578 1.08142927463
1.46896876318 1.81098427658 1.90251790766
1.37209947429 0.481012664206 1.47469470388
1.3844773142 0.679962405655 1.53883403569
1.35917083506 0.352378491779 1.43906141956
1.43772555072 1.45815278612 1.79124289912
1.43342883235 1.45224701936 1.79250768124
1.4226554415 1.30590944605 1.74480633298
1.4248403619 1.35237243713 1.76037099267
1.47548777605 2.09058276148 2.0082435177
1.39638386192 0.985413465902 1.6441441165
1.34966989813 0.428192582622 1.47567527439
1.46107000004 2.07716168322 2.01450549778
1.46493904773 2.23302142573 2.07380815624
1.35041230415 0.591147602249 1.53635507973
1.43444848484 1.83015045008 1.93791427199
1.34255090909 0.541557536272 1.52527784997
1.24159411626 -0.881153746894 1.10067177143
1.31594587644 0.182464406964 1.41556110177
1.43210222281 1.86147038612 1.95414890808
1.34334424426 0.586140814805 1.54168323262
1.37591707751 1.08004909432 1.69968176298
1.47049043454 2.46986290811 2.16409390196
1.28148997575 -0.232802488487 1.29532768487
1.43674070358 2.03292950721 2.0175050161
1.33810828814 0.624130850586 1.56044852153
1.34595901853 0.791147320127 1.61589545274
1.23420281642 -0.786347731013 1.14176957797
1.36009917731 1.04350151139 1.704339641
1.31319834696 0.415182168557 1.50775270306
1.22482074076 -0.817913652928 1.14034884336
1.39715498272 1.70538716869 1.92271339841
1.23445390268 -0.61048560676 1.20528819436
1.30038749834 0.396566310696 1.50881933581
1.30318509345 0.463186063441 1.53254180275
1.20844832228 -0.907504896448 1.12449796214
1.32693445156 0.864085121532 1.66094728727
1.30353309782 0.547586772288 1.56145660035
1.31349678395 0.723369540209 1.61996383111
1.19523165043 -0.961209648635 1.11963008339
1.37579476545 1.72371099635 1.94805525012
1.22301298051 -0.541209011764 1.24060981212
1.28475192301 0.376486285025 1.51372406198
1.38355024071 1.87894251547 2.00268442223
1.2705496861 0.286972015473 1.496748906
1.32424133406 1.09258038608 1.75075297098
1.24678099494 -0.0232466789904 1.40488261643
1.26492300596 0.26780891404 1.49550964233
1.28650954211 0.595565818578 1.59647485678
1.25584331322 0.252375754731 1.4987487672
1.35803536462 1.89337880332 2.03010535778
1.2865238106 0.846711587528 1.68955111911
1.15469261798 -1.05160010513 1.12727276855
1.3231905759 1.68823869849 1.98095551603
1.15504713857 -0.862416442302 1.19361981708
1.17282065892 -0.501579384773 1.30372753831
1.22107413981 0.270433723934 1.53725933737
1.28051829014 1.21934870905 1.83520023987
1.24094644334 0.69306211632 1.67495690856
1.24142642018 0.732579295471 1.68924735326
1.17403868857 -0.297177548811 1.37771042469
1.25108929701 1.01300342396 1.78556962821
1.12727981498 -0.882124789977 1.21448408791
1.19012347846 0.175557943996 1.53106661092
1.23771294983 0.980373997146 1.78468204012
1.18311736226 0.195872494664 1.54513805301
1.0663880501 -1.53143402202 1.05345968284
1.20036639499 0.623246408671 1.68629587577
1.1898316639 0.49614027983 1.64875570204
1.22733367415 1.14241835387 1.85569386881
1.27751554788 2.04473715499 2.15730404473
1.25938173147 1.77720684459 2.07030958756
1.17031506305 0.356804847413 1.61574011651
1.22449630893 1.26222551698 1.90401056848
1.22375262669 1.28488453969 1.90967132129
1.20213421179 0.984385955543 1.81946980803
1.28670690773 2.42181820529 2.29848742558
1.09092745589 -0.773289455802 1.28901993991
1.16216312069 0.404139041179 1.64050728238
1.18716834255 0.82003212002 1.77076804428
1.1773247157 0.759025389713 1.75798199458
1.26618925011 2.24139748652 2.24420645502
1.08365276269 -0.754986245857 1.30149590716
1.28352622873 2.55929398803 2.35464639155
1.1637930701 0.77890064656 1.77676337014
1.26631623091 2.54687293609 2.36444909816
1.26728995798 2.58972508785 2.38056179752
1.1919825582 1.38916575092 1.98016114137
1.08084721135 -0.311237471971 1.46070996771
1.23517248771 2.48465720432 2.3659601419
1.11987192861 0.530511954154 1.72607022898
1.02937339781 -1.00275126728 1.27200777239
1.14637039708 1.00359230267 1.87670569988
1.2039225345 2.03827848845 2.21855218165
1.14780619333 1.27364700027 1.97507109296
1.11394639803 0.740217240026 1.80775234401
1.11696277564 0.795756218598 1.82626321772
1.11506071437 0.815639756541 1.83484866309
1.13387648109 1.15409070561 1.94328473444
1.09303647972 0.452329937578 1.72580241829
1.20809387311 2.4931263895 2.39221794552
1.11236977952 0.838406147777 1.84537502902
1.15794366873 1.65061048441 2.10897861707
1.0762077526 0.233555285844 1.65944932936
1.10488037023 0.740427055886 1.81725380836
1.00122648969 -0.975268486624 1.30604158904
1.0861241883 0.597454281371 1.78230492981
0.996359574353 -0.864362946419 1.35180011211
1.11449519063 1.27446693328 2.00622639584
0.982209968965 -1.05443189157 1.30112592916
1.17237916497 2.38987725274 2.38106720339
1.18294212147 2.60794676697 2.4583920062
0.979735239033 -1.03410673027 1.30991710951
1.09451731781 1.07802836139 1.95009895742
0.977129677241 -1.01520065506 1.31865738283
1.1660083765 2.40421632214 2.39223128058
1.07775788238 0.813695179483 1.86937022221
0.971472900146 -1.07411680186 1.30481294755
1.08243341822 0.957700244048 1.91662479512
0.969646679026 -1.07571378531 1.30618201312
1.06220792258 0.59868374379 1.80400368287
1.08121121588 0.948810415825 1.91441374032
1.16957184287 2.57820800349 2.45745579771
0.96655165197 -1.10600431861 1.29935982976
1.14931540017 2.2737527587 2.35656487081
1.07516500297 0.919862330946 1.9105647243
1.04128933924 0.314540229584 1.72034908558
0.988923015989 -0.567900139835 1.46088213025
0.982606618535 -0.620400915506 1.44997155808
0.954706678519 -1.07225855033 1.32197108977
0.97613743485 -0.627744145864 1.45389186804
1.02441573493 0.288002194121 1.7264780903
1.1262224078 2.56915054492 2.49084100835
1.10174477217 2.22812513914 2.37893789109
1.0245150142 0.869379568647 1.93696879105
0.9418852084 -0.699195206754 1.46241871077
1.0176442803 0.778781556592 1.91027960599
0.988251430663 0.275546475824 1.75761941021
1.07502033204 1.95190711123 2.29575229319
1.03720376266 1.22202383201 2.05520893934
1.09267133291 2.36879271288 2.44017238263
0.935968283095 -0.532903113288 1.52529879743
0.998896815983 0.697464315834 1.89815151644
0.90856803123 -1.00154649792 1.39379809373
0.967574009686 0.394289791022 1.81875958704
0.966473781092 0.3788375465 1.81385092894
1.00728514102 1.19589162101 2.07185673734
0.905035574695 -0.755924778825 1.48084598355
0.974954076538 0.666553661348 1.90891760443
0.984077932795 0.93263668037 1.99664819692
1.03430972709 2.04936643108 2.36909359288
0.967109332334 0.717057037263 1.93536071609
0.949953872796 0.384547704317 1.83178127367
0.966030872117 0.718329390958 1.93652314296
0.997524400217 1.37274373562 2.14643297601
0.987810214091 1.22604587607 2.10124717448
1.04288780744 2.37039596016 2.48318991366
1.03912296586 2.32183459328 2.46649333997
0.920846651939 -0.0625111754095 1.7027962569
0.94830761117 0.507771098827 1.87737000009
0.894863985335 -0.452850883631 1.59313787073
0.931705059472 0.296290207524 1.81822212095
0.953266588428 0.752453091526 1.96089358965
0.944134037112 0.639020589528 1.92856206713
0.840301392701 -1.11574173438 1.42471904466
0.908743149132 0.377807710445 1.86767473004
0.92466573842 0.73453183702 1.98027106006
0.925914842289 0.812259745386 2.0068292338
0.939709582687 1.11993807398 2.10696381739
0.843980858809 -0.839797588093 1.51344614503
0.91414953674 0.638991591774 1.95615880394
0.831465605922 -1.07978613206 1.44477359825
0.888142357337 0.231906757607 1.83720002924
0.903546293245 0.594012943734 1.94985590965
0.93693964689 1.32237283208 2.18203085265
0.897139257711 0.53539432078 1.93435015762
0.821012232379 -0.981347031853 1.48925649204
0.924926949521 1.34263501568 2.20021102247
0.833586727811 -0.615844984874 1.59811433424
0.85897124724 0.262265084531 1.87514298673
0.88828850365 0.928351539837 2.08354953857
0.868926222541 0.668375085985 2.00786596493
0.861545163755 0.516364298622 1.96203969101
0.851895965715 0.385757836292 1.92429486558
0.944731007087 2.51732496579 2.62245000004
0.836294048652 0.115081436113 1.843476161
0.851904157772 0.493625777249 1.96263572491
0.854983356304 0.606701404916 1.9992650261
0.872567322058 1.23576699724 2.20776277003
0.930587580194 2.61865019161 2.67285561152
0.896684284384 2.12924391734 2.51465910991
0.786354483481 -0.260769170786 1.7644813182
0.803204962811 0.314256949777 1.94530380078
0.804496062157 0.393359910305 1.97153292788
0.723098005768 -1.48717433995 1.42661828164
0.798598145817 0.294341490631 1.94185844768
0.72241039445 -1.48714484931 1.42736232598
0.745650250723 -0.777104188966 1.63372159943
0.793805298957 0.420392611396 1.99230514323
0.747345607368 -0.53597952674 1.71062922238
0.782159458479 0.487012225566 2.02487036498
0.742559605428 -0.356944835897 1.77569848544
0.71821628836 -0.800961262592 1.65235224363
0.766849497005 0.423640723794 2.01565435923
0.848230963937 2.60798122785 2.73852856336
0.756472813301 0.334162166092 1.99673346552
0.72583942139 -0.349333563329 1.79444819063
0.76796669021 0.90694642298 2.18470628078
0.681590259894 -1.17110485621 1.56942585474
0.668266652827 -1.49971884755 1.48003439498
0.693431601979 -0.645573829538 1.72851201715
0.751268930838 0.87318761206 2.18864037335
0.666549353249 -0.998007930785 1.64016417586
0.692547898964 -0.180630124563 1.88300401071
0.685149408701 -0.354915885304 1.8327715992
0.722299511594 0.715665481782 2.16110516106
0.72873074457 0.939560855338 2.23179131488
0.739556788079 1.29191349804 2.34873260943
0.705441568032 0.418956559069 2.07464653547
0.742381968046 1.58454253011 2.45068313245
0.633790034665 -1.35541375357 1.56174853618
0.633806307823 -1.26145565046 1.58964946801
0.702720610686 0.654251638262 2.15866483628
0.684931726626 0.328028319465 2.06289188932
0.766929059594 2.62091289807 2.81171643945
0.694180810264 0.634321962909 2.15858831754
0.669053887427 0.226444640561 2.04227720223
0.679549927539 0.62449888075 2.16971556141
0.66189625434 0.188509960383 2.03669256144
0.659254441299 0.316670033426 2.08278296134
0.676080981853 0.898973912739 2.26395718122
0.648821506159 0.337118658697 2.09948188887
0.705079634978 2.27388541093 2.73486339846
0.657583820573 0.883770172031 2.27933628288
0.595867097503 -0.854822220544 1.75893897682
0.633204473962 0.286969803119 2.09761893011
0.636093631651 0.431009455643 2.14431192203
0.65252200226 0.96956005334 2.31378349553
0.635089122189 0.508328938716 2.17139698941
0.628111342279 0.551767830757 2.192216256
0.624258141953 0.490862793105 2.17515441554
0.574917189314 -0.918584016072 1.76071870687
0.623262978728 0.720361507624 2.25439534058
0.610481999489 0.475416753858 2.18325992685
0.568816713527 -0.739910180671 1.82319287713
0.605533499204 0.421048587065 2.16926473499
0.545469802646 -1.41910832152 1.63318457226
0.618213108825 0.916125601754 2.32703365355
0.568530876629 -0.622791591621 1.86137280701
0.574702018837 -0.245190972326 1.97838800016
0.642258677691 1.94101262667 2.66746510642
0.60488498615 0.837825742231 2.31192264097
0.558616080281 -0.422029289559 1.93647464556
0.579595412513 0.564239479746 2.24190428388
0.557938580247 0.394972839432 2.20317700587
0.533462195165 -0.318653412212 1.99455482905
0.552119837212 0.347902238292 2.19474580804
0.520049303181 -0.728496373969 1.87653289052
0.554366567576 0.449959300032 2.22841866241
0.538815086419 0.0168602755262 2.09648340262
0.548337892569 0.509716307619 2.25284772455
0.594402241904 2.13112346779 2.77824162057
0.574856737726 1.67370525682 2.63200797701
0.533510175676 0.234825766768 2.17485246689
0.591248412194 2.36288067306 2.86553773763
0.534013149987 0.459081012066 2.25048264411
0.533777921195 0.505939643832 2.26472277709
0.532017980705 0.603358298137 2.2998451452
0.497879180408 -0.547079480216 1.95496174625
0.523661405561 0.490062458682 2.26936142864
0.507203801906 0.0964768930278 2.1551386264
0.489846430887 -0.0921665581671 2.11023336099
0.507591308657 0.603068976962 2.323105899
0.493649221783 0.415795496297 2.27355187374
0.455095772258 -1.01895148331 1.85188927383
0.481870408597 0.081722925114 2.1744592162
0.466163177487 -0.466822457928 2.01283099291
0.493559126345 0.603949629159 2.33619785994
0.45160102209 -0.96621041995 1.87099451114
0.476921906889 0.23454666255 2.22962873619
0.476402124712 0.226414281968 2.22678191701
0.481734876539 0.582790332772 2.34003042066
0.480007662173 0.684150397181 2.37594703725
0.470927653227 0.5740823954 2.34758987202
0.514281429375 2.59413778061 3.01661358273
0.460031504237 0.41329442803 2.30445328988
0.452764714245 0.155911972818 2.22691259641
0.43636002008 -0.451205717556 2.04840986618
0.44440510498 0.1917378614 2.24678636403
0.440655162069 0.0548499635638 2.20642365433
0.445767130926 0.305783393085 2.28327241249
0.450574467757 0.630027996038 2.38575699174
0.391649005204 -1.762538222 1.69304372652
0.441139607074 0.407410300991 2.32077891701
0.409343456721 -0.951173117533 1.9197263255
0.436865510397 0.329179487127 2.29890759614
0.4310709083 0.142090588945 2.24336092787
0.385466120059 -1.80621929471 1.68740081904
0.430999537667 0.166660669751 2.25104524976
0.436262726402 0.453063313567 2.3432066539
0.39669165867 -1.25585978675 1.84023533675
0.410974787777 -0.504438253876 2.05565654235
0.431596269435 0.434013381204 2.33873300525
0.425635487467 0.228722582554 2.27631061575
0.437326114616 0.772877501573 2.4455253944
0.4245344257 0.323199785412 2.30926135531
0.408328485965 -0.35971835729 2.10425076472
0.396816318288 -0.595513031098 2.04199852941
0.465483333316 2.57886233448 3.05241579231
0.414701499554 0.406215020871 2.34515953235
0.407428673282 0.083152680544 2.2488136185
0.41103114337 0.303612765284 2.31578081339
0.411699554691 0.461692506076 2.36623540906
0.437404662115 1.8253606529 2.80595655963
0.408057497865 0.484174217133 2.37744675346
0.399803506171 0.206102291671 2.29445897708
0.401489613109 0.315849271918 2.32845250767
0.386429809725 -0.273899185652 2.15381270079
0.391643320134 0.0836375446475 2.26346822825
0.404381137632 0.807127422365 2.48781591943
0.389015012189 0.115848383823 2.27635753155
0.385131306308 0.210412993575 2.30934588926
0.427349117701 2.30804606396 2.9877716525
0.377576086008 -0.094287498907 2.21932662997
0.390503234361 0.553040818938 2.41716697235
0.373831477934 -0.165095775169 2.20029082303
0.386488300417 0.461772298357 2.3914197045
0.377900615748 0.0575373818951 2.26798187286
0.38796052121 0.569080763785 2.42417692215
0.366905711741 -0.459497130535 2.11430823142
0.342045961827 -1.67077037095 1.77382625481
0.339236539052 -1.79764889454 1.7388894363
0.378375347263 0.310950028437 2.34791481284
0.381803515804 0.529602302702 2.41733659297
0.370956104121 0.113960678867 2.29299330328
0.376696682499 0.500233436965 2.41326721419
0.365546462395 0.0524250844349 2.27784457172
0.351373040706 -0.6011772831 2.08688430855
0.367947071276 0.30301937006 2.35727156434
0.376156886861 0.985599182396 2.57334844332
0.367795659156 0.560812055309 2.44134494426
0.346468783469 -0.492239495213 2.12493940787
0.35708720162 0.260968691763 2.35288629451
0.330100778599 -0.827193306797 2.03748302192
0.357412800392 0.675403643318 2.48751102479
0.314465147771 -0.923841709196 2.02433578789
0.293942500622 -1.74704807053 1.80360911297
0.313728771813 0.20749602078 2.37742810859
0.318530581875 0.500182655802 2.46803459347
0.311401459322 0.239903394604 2.39070753353
0.304796028246 -0.0435503053485 2.3068043056
0.305671842472 0.18481187063 2.37768715173
0.304982759426 0.236232543286 2.39439909209
0.300864704041 0.0835769423087 2.35058576633
0.304047975059 0.30695327023 2.41856944407
0.296649612441 0.330711813117 2.43345764463
0.293989544841 0.336331055443 2.43772412965
0.278814949861 0.0490252365703 2.36175732749
0.27677135806 0.368275174381 2.46541137434
0.272847723412 0.224203103637 2.42374266192
0.26699317183 0.354083616499 2.47048394174
0.262970435331 0.162804421462 2.41386330574
0.261657276822 0.39412141231 2.48786834536
0.253358162847 -0.172138295575 2.31684825464
0.259782990697 0.29626052897 2.45856334923
0.250500785145 -0.129906706255 2.33339017153
0.24781418472 -0.0732780280673 2.35306556106
0.251093426546 0.216323765447 2.43946367598
0.229135912856 -0.73068626636 2.17124553275
0.239122570794 0.115140992721 2.42132736105
0.217860855813 -1.14719449384 2.0585822318
0.23156086119 0.0216912157052 2.39898180936
0.229228359467 -0.136176387056 2.35263171467
0.227614436976 -0.159169339989 2.34630245168
0.229697620873 0.0222229946731 2.40191049836
0.228892179104 -0.0360566479472 2.38400760133
0.228947724395 0.296361926613 2.48554504848
0.20684221962 -1.34927057149 2.01119436695
0.209848612706 -1.00581349474 2.10863123105
0.224108758023 0.308192099494 2.49583008183
0.221973986493 0.157396629395 2.45121699167
0.216177004847 -0.037601789123 2.39551058273
0.212625987164 -0.295959048347 2.31933377161
0.213591190776 -0.193820319143 2.34943496574
0.195048098049 -1.6738401757 1.92970422624
0.212478276556 -0.13030364937 2.37044825934
0.219867641656 1.11879743119 2.76393882747
0.199151767315 0.213083273482 2.49023608243
0.190612179536 0.126196703266 2.47209928741
0.188551667431 0.0351741661112 2.44357819876
0.185634945611 -0.178073696162 2.38147732706
0.175780027562 0.0171129984019 2.45186804279
0.17447530163 0.162658782229 2.49683756473
0.17158273422 -0.0280677907554 2.44190074965
0.160630673589 -0.74473287459 2.23663417109
0.164542530537 0.217802724779 2.5260877953
0.163735970691 0.288852557549 2.54868869853
0.15984624745 -0.0400609883418 2.4509911533
0.155165463592 0.145535717843 2.51175775852
0.153756510776 0.03522599564 2.47918627057
0.153474518757 0.286517091496 2.55739966798
0.153947014508 0.435324460124 2.60216388198
0.151123726357 0.363127404571 2.5838967285
0.147965651075 0.220733516876 2.54206364859
0.14520824558 -0.0538088003716 2.46149287684
0.141078030268 0.196852488689 2.54201861175
0.13108800554 -0.282562355869 2.40445958022
0.130139151089 0.00255249826969 2.49283366298
0.128932725429 -0.0726748323659 2.47026693082
0.131014521005 0.315895090259 2.58938908188
0.127680452104 0.0881316391956 2.52223832994
0.122307787109 0.439382940551 2.63660039133
0.12187050586 0.386666572921 2.61890356119
0.11420687048 0.0870096138029 2.53346521336
0.115611620487 0.363147942994 2.6164199331
0.105671770639 -1.18329853249 2.1652127749
0.113780411757 0.565437991791 2.68407060297
0.110787041846 0.461157042842 2.65400843469
0.102066312875 -0.855723090771 2.26400288166
0.100611176784 -0.0182125739129 2.51512967803
0.101696576458 0.210613276155 2.58419781763
0.105231226912 0.953454677178 2.81541519831
0.0979121377611 0.0315788606117 2.53225313943
0.0978157861395 0.184179803835 2.58032836932
0.0939748373864 0.899773227165 2.80717729054
0.086673812653 -0.567505305864 2.36273065539
0.0909681813925 0.349231920574 2.63743184984
0.0954278946894 1.53721950761 3.01504494448
0.075454832039 0.250830993108 2.62358068419
0.0666313373957 -1.8913447007 2.01059238087
0.07442208353 0.379334463576 2.66092194314
0.066688343739 -1.08527405145 2.23509682438
0.0619858620078 -1.41687891006 2.14560827287
0.0681584292005 0.285893083984 2.64133513913
0.0616464308827 0.615007039132 2.74979915824
0.058960119684 0.755728475392 2.79476779668
0.0537361738357 -0.435498226501 2.43612718783
0.051261319436 0.0918926171266 2.5978445721
0.0467700519348 -0.973126604902 2.28655228339
0.0428560511673 -0.37887927415 2.46414941148
0.040970402912 0.715863465731 2.7980640374
0.0343526177839 -2.00535768922 2.01481828676
0.0375623749928 0.508787685164 2.73940013842
0.0390562748221 1.33639319486 3.00231407118
0.0334313090938 0.0621850327769 2.60578237351
0.0286542243399 0.833450146579 2.84783179037
0.0255740705257 0.0809387812673 2.61935046026
0.0188764305716 -1.95833557701 2.04439052778
0.0206094341904 0.420813264812 2.72777498542
0.0186647442785 -0.484785518152 2.45748458659
0.0147345714567 -0.200075709394 2.54557455113
0.0129953564858 -0.794346577962 2.37333268813
0.00797789781336 0.647257809514 2.81049506044
0.00190128698156 -0.172113602761 2.56713198296
-0.00194313053513 -0.145786259263 2.57794697319
-0.0078594010028 -1.33745141202 2.24168739942
-0.00959428232342 -0.0594755823862 2.61082616591
-0.0139535900553 0.4074640378 2.75658128558
-0.018259438001 0.564584817182 2.80948074622
-0.021993321216 -0.189922690979 2.58555900526
-0.0233505812979 -0.507876506201 2.49282972334
-0.0248333739393 -0.270022030401 2.56214727706
-0.0301902803155 -0.382669149294 2.53543368931
-0.0312422002161 -0.290396568747 2.56289569052
-0.0307637656248 -1.72957450376 2.16072544487
-0.0335966202495 -0.291851015373 2.56554788617
-0.0405640908575 -0.271940388438 2.5774876613
-0.0496832400255 -0.237842255403 2.59786157212
-0.0533212330235 -0.371208844615 2.561662956
-0.0556927968318 -0.288737451987 2.59113426194
-0.0609707525782 0.905576793851 2.95462640448
-0.0616184699817 -0.784475076958 2.45358221073
-0.0645503937903 -0.425711710734 2.55863505751
-0.0664527984419 -0.137678467444 2.64725682261
-0.0649973027536 -1.01098282778 2.39423199644
-0.0640222261776 -1.32353368113 2.30525074589
-0.069963628779 0.00188229077389 2.68893051741
-0.078425328743 1.60073687416 3.19113199061
-0.0795355356486 1.59530192498 3.18829663489
-0.0752214220732 0.252967786445 2.77031037915
-0.0784282139884 -0.096562892364 2.66931111775
-0.0834670849144 0.653980226564 2.9002862084
-0.082580103067 0.199626841051 2.76041343223
-0.0808670258117 -0.250004175701 2.62532490636
-0.0894841279553 1.29901846966 3.10811489049
-0.088243654912 -0.27806177956 2.62530303947
-0.0884645149813 -0.825623182582 2.46873616949
-0.0933681173337 -0.248719680289 2.6355908845
-0.0926607662285 -0.407719026435 2.59261781633
-0.0954598950902 0.0783609426649 2.73716397787
-0.0953053651459 -0.480016897293 2.57344079945
-0.103376381461 0.641069964589 2.91451661558
-0.0986219009864 -0.346393291042 2.6154109019
-0.103648698952 -0.0207021584973 2.7163415825
-0.106795409208 0.187406831896 2.7802791925
-0.113414853385 0.848346172396 2.98764674447
-0.110535425772 -0.189152782848 2.67353489924
-0.110754422081 -0.418224976768 2.6074675965
-0.112332428262 -0.246144365695 2.65809197362
-0.112719539855 -0.478586557566 2.59180023923
-0.112885613436 -0.475478026338 2.59346975041
-0.113261099099 -0.477117041624 2.59217358908
-0.113472876684 -0.476578836363 2.59314681072
-0.113406633163 -0.492967107818 2.58848819853
-0.114151332369 -0.472851368883 2.59470071791
-0.114379026973 -0.476380774754 2.59269807246
-0.114495274246 -0.478241095708 2.59538721912
-0.114543212884 -0.477216739212 2.59397214891
-0.121496227821 -0.279947684142 2.65840658174
-0.112852865222 -1.9986085934 2.180601621
-0.126668108455 -0.315359194545 2.65303266904
-0.11935287959 -1.48247861928 2.32161211813
-0.127671309305 -0.351784621262 2.64334208749
-0.130959738068 0.0868253668058 2.77478187017
-0.130284074398 -0.058038460176 2.73196052791
-0.128965800908 -0.323549050709 2.65254674951
-0.132282840575 0.0202128325917 2.75603578685
-0.13819933426 0.662212543675 2.95408148729
-0.129053986208 -0.677933808244 2.55227981697
-0.130379100514 -0.577709149975 2.58258874637
-0.13192467282 -0.482644767294 2.61005857357
-0.143110165074 1.00967707589 3.06564127537
-0.148120245735 1.48116340091 3.21965830944
-0.141871753419 0.238868582624 2.82961290317
-0.139720391161 -0.0914447485228 2.73176202316
-0.132218672524 -1.26161430182 2.39593566421
-0.141399446543 -0.245326906779 2.68748164171
-0.143722241092 -0.160650936298 2.71484541587
-0.141565440137 -0.455558019193 2.62803699049
-0.142604712878 -0.455246145013 2.6296784213
-0.149592812789 0.254541655047 2.84235089637
-0.152465761099 0.239823634676 2.84116414976
-0.147696508955 -0.828233450574 2.53007967212
-0.156520804401 0.0607089601524 2.7927370287
-0.155551730571 -0.124038636421 2.73711810449
-0.141325909967 -1.87554811332 2.24271671959
-0.154025547523 -0.796679745535 2.5450583649
-0.163693600103 0.283714029962 2.86470520133
-0.165357579324 0.0382044158908 2.7957603398
-0.162755300675 -0.438836652191 2.65427913893
-0.164352897034 -0.315469324835 2.6903207328
-0.159822331384 -1.1215094618 2.46270146132
-0.159422452265 -1.1946550889 2.44180133474
-0.166010820364 -0.587027300709 2.61587328759
-0.166271659927 -0.586665265092 2.6163033152
-0.169007461721 -0.435666201813 2.66183161395
-0.169739130308 -0.389318135723 2.67542272652
-0.172945425361 -0.254830599069 2.71722307922
-0.172946250016 -0.547431298742 2.6337760387
-0.177307505957 -0.249315100055 2.72409063339
-0.194742100787 0.259146351325 2.88812296526
-0.173325658075 -1.91717685011 2.26694283371
-0.193483367192 -0.576941033343 2.64742006151
-0.201401888205 0.128047544341 2.85645463175
-0.199880526332 -0.312160281211 2.7273225409
-0.201071398705 -0.346284695317 2.71933278989
-0.198555643541 -1.26143359422 2.46515554775
-0.206492576261 -0.611712178905 2.65066923761
-0.206423693063 -0.78255483222 2.60387848754
-0.224102177078 0.327224520454 2.93614885852
-0.216709304731 -0.393941076842 2.72134857263
-0.226849588207 0.432067694783 2.96883107118
-0.225857853419 0.22659755578 2.90939157652
-0.23251586179 -0.318972855307 2.75813508097
-0.237197905211 -0.174080133387 2.80439132466
-0.249579919298 0.0926265610602 2.89231029044
-0.24592921416 -0.519791000712 2.71575718704
-0.274109631532 1.37225218347 3.30185114093
-0.255847073064 -0.176365776148 2.82263026089
-0.243497481617 -1.11452493991 2.5527619281
-0.261290423567 -0.0890792586456 2.85216795829
-0.25605385819 -0.494688815969 2.73322055476
-0.261584221181 -0.144561004069 2.83731258212
-0.277958946776 0.911757413485 3.16290973605
-0.261420166056 -0.488703004319 2.74042666316
-0.240175536259 -2.00503799184 2.31953396446
-0.27512472821 0.346310679332 2.98528554124
-0.254161624785 -1.2902564838 2.51756611051
-0.273389935493 -0.00436090176135 2.88965307169
-0.270347276493 -0.268256074951 2.81080188781
-0.273780837644 -0.115809952113 2.85777554701
-0.26269832865 -0.866064588406 2.63832919178
-0.252979186511 -1.52656963306 2.45475558748
-0.25616923891 -1.32548516633 2.51039111594
-0.285194937286 0.567106040492 3.06616193055
-0.267858362036 -0.63243899625 2.70706684729
-0.290701210311 0.880876661649 3.16572532654
-0.248011904398 -2.0167976345 2.32443200983
-0.282176489824 -0.104319809562 2.870194693
-0.270042151176 -0.944452052713 2.62536020345
-0.288272398226 0.0859578043777 2.92918230221
-0.287369811006 -0.0822855252342 2.88182898935
-0.281318252317 -0.602255989321 2.72974008532
-0.292335673722 -0.357512931409 2.80791290565
-0.300393939422 -0.109627507742 2.88630600633
-0.30898582856 0.331558515517 3.01996887375
-0.327388319719 1.22605891148 3.30415260584
-0.305198123994 -0.438685587403 2.79884154771
-0.32291044171 -0.213574559142 2.87949718465
-0.327761574316 -0.0732824692348 2.9240809965
-0.326708815087 -0.19373323721 2.88887876881
-0.33417925925 0.134077989593 2.98874866167
-0.330436029496 -0.20347608679 2.88968225681
-0.331128615397 -0.185106676116 2.89577416244
-0.345762207892 0.514340084233 3.10898005672
-0.332730357906 -0.236273832117 2.8837117409
-0.335601408926 -0.125945439199 2.91743691567
-0.359268637997 1.05358253709 3.28202633147
-0.338284965545 -0.191955918054 2.90052371372
-0.333758198737 -0.519064375477 2.80579777919
-0.338885030968 -0.268373842604 2.88041812416
-0.340370090855 -0.200190319827 2.89454947622
-0.339348915337 -0.275199100066 2.87852652651
-0.341362508207 -0.232309061987 2.89370676514
-0.342010244917 -0.202676535497 2.89979788553
-0.343469228046 -0.20038229595 2.90030730116
-0.318539467494 -1.54144135213 2.52173121223
-0.338520341309 -0.534528673206 2.80626739867
-0.351310645609 0.0951595711854 2.99443433738
-0.364291225981 0.668402769294 3.17077740973
-0.326755201999 -1.33544537193 2.58355609153
-0.331533025976 -1.31458047599 2.59269683752
-0.354906701226 -0.20296958041 2.91264279893
-0.355430585425 -0.212443187886 2.91476315365
-0.370169966688 0.425566257496 3.10694527278
-0.327090420219 -1.78846614392 2.46900731869
-0.366347109618 0.0730705258978 3.00279376824
-0.371439597967 -0.270658585318 2.91179889827
-0.38691595228 0.46615247139 3.13632260875
-0.376760874285 -0.270211477876 2.91693792635
-0.365523425916 -0.881011936128 2.74244310568
-0.386954664665 -0.206298730332 2.9461478225
-0.38875213394 -0.222608384433 2.94352189467
-0.403716658816 0.240245779853 3.0854424829
-0.401492446015 -0.0853081514133 2.99413197277
-0.402330577166 -0.179661993794 2.96893850211
-0.40371933983 -0.173703450406 2.97168756263
-0.379873946922 -1.3572863641 2.63404399506
-0.412024271385 0.00103684336981 3.02877686126
-0.385118387733 -1.25235752556 2.66618981489
-0.415002931927 -0.220368101188 2.97092403735
-0.417509891507 -0.118062321822 3.00112467864
-0.395165722416 -1.19619282455 2.69110072176
-0.418932557817 -0.207557771934 2.97791260022
-0.424782692579 -0.191056704176 2.98801474503
-0.420532383362 -0.477904547046 2.90545172306
-0.435809845902 -0.173443434371 3.00319712226
-0.435887526965 -0.174655412195 3.0036511631
-0.443360913828 -0.141656119947 3.02041842312
-0.434064030853 -0.643245974746 2.87585076254
-0.438316754958 -0.470346559665 2.92573869803
-0.47637789292 1.03759617868 3.38934952054
-0.444861123811 -0.36267466607 2.96222460288
-0.443966504684 -0.416814831459 2.94581992506
-0.446199980683 -0.329929225406 2.97090575264
-0.443165036776 -0.577243897963 2.90227792892
-0.45336258758 -0.218947538866 3.00976944622
-0.415811338602 -1.78077106647 2.57011517089
-0.454687018972 -0.370198187707 2.96947628573
-0.460426798378 -0.212815021665 3.01915878622
-0.493584879075 0.965373874653 3.38315594812
-0.459072266748 -0.551948946919 2.92623784578
-0.469254555506 -0.359064131806 2.98829612501
-0.447736582861 -1.25029020681 2.73384523867
-0.472608457306 -0.33160340113 2.99855672286
-0.478438356086 -0.121408124771 3.06106081323
-0.480229195354 -0.236362794652 3.0326014609
-0.482869259152 -0.216668417336 3.0400058184
-0.440651746676 -1.98954623368 2.54673055483
-0.48425183427 -0.504938961042 2.96335566747
-0.496506973847 -0.222967945355 3.05344286961
-0.498951376278 -0.25708780593 3.0463050089
-0.498236237669 -0.296879519334 3.03299814335
-0.537527363642 0.865133346036 3.3953916444
-0.503921095784 -0.360795952546 3.02225627777
-0.501413744453 -0.475351805 2.98918255832
-0.478539637314 -1.36809846552 2.73777652986
-0.525802097356 0.238000150208 3.20648302137
-0.550566745958 1.06229559048 3.46605449656
-0.486568437005 -1.41941167816 2.73296156235
-0.47229446035 -1.97581829217 2.58545618476
-0.52419634332 -0.175573836576 3.09265355791
-0.560925372576 1.0275086914 3.46507233656
-0.525212759955 -0.25921498563 3.07017810978
-0.498180178035 -1.56594247193 2.71083745859
-0.528346475659 -0.619284104364 2.9798005617
-0.503789780127 -1.552316978 2.72008660304
-0.55080584581 -0.320821474991 3.08036110292
-0.528236792329 -1.10213740909 2.85739783446
-0.562690973191 -0.0531468227944 3.16606770845
-0.565618161632 -0.24294158111 3.11762427954
-0.599457086553 0.829999112579 3.44445311939
-0.554048903013 -0.650280702447 2.99829500282
-0.565321770276 -0.323713834806 3.09450298808
-0.569234248211 -0.218193360008 3.12730169554
-0.590236046394 0.408124342835 3.3190334678
-0.578070618735 0.00178183779903 3.19308218339
-0.573002168182 -0.225391424164 3.12964445104
-0.580404037618 -0.0747245144587 3.17683447278
-0.580652058988 -0.0732757371386 3.17845127129
-0.573715936859 -0.322086526376 3.10300337165
-0.601337207871 0.432382285647 3.33296582568
-0.58421747115 -0.206321937198 3.14435508339
-0.571256680959 -0.674499568608 3.00949654177
-0.585637249857 -0.236269840667 3.13935715067
-0.530960418441 -1.99757644875 2.64624464927
-0.594070324598 -0.206876166985 3.15519673057
-0.590126402013 -0.411895132416 3.09414835901
-0.563484571152 -1.26111957749 2.85469714443
-0.632111261976 0.36677533163 3.34591068177
-0.673368392846 1.54069734068 3.72277840034
-0.628623683569 0.168230167413 3.28961507393
-0.632458966614 0.0680344076399 3.26575029354
-0.650765485472 0.514670117621 3.40593468048
-0.642656347087 0.112825730257 3.2906123295
-0.648073883966 0.247363611076 3.3291713124
-0.662529050844 0.65577818965 3.45718218109
-0.589365190855 -1.57079744002 2.80908341619
-0.599705852238 -1.36157414263 2.86947641232
-0.627574470172 -0.569663266605 3.09516262534
-0.603646581795 -1.35029788312 2.8761090456
-0.661327223672 0.213589794194 3.33384637768
-0.641771676172 -0.360982704233 3.16229634958
-0.67511159527 0.513951554726 3.42900907935
-0.596170306621 -1.8164280149 2.75867687803
-0.65629239618 -0.235750500518 3.21083898221
-0.6432490949 -0.627325429962 3.09644121242
-0.617198870712 -1.5250940389 2.84966428716
-0.665639944896 -0.206056988831 3.22690555189
-0.6769691539 -0.0246783683326 3.28548296424
-0.632326996272 -1.31409311744 2.9166408261
-0.723783807878 1.02201753283 3.60873529871
-0.639188186586 -1.27922152426 2.93247984927
-0.649943140249 -1.03203950451 3.00246786326
-0.681239865508 -0.252393563751 3.22921754815
-0.681622026921 -0.307448806457 3.21722088923
-0.659293728708 -0.918127523309 3.04165055335
-0.629698296969 -1.8964499395 2.77978027677
-0.709965431755 0.135649828396 3.36296906444
-0.729450771766 0.646482171205 3.52005343292
-0.689809930109 -0.410395249189 3.20086863867
-0.701311357113 -0.127727502906 3.28372540541
-0.650546629951 -1.4737529042 2.8979423756
-0.715190415156 0.0166891321438 3.33481837281
-0.681477065512 -0.913469097101 3.06578960309
-0.703776744836 -0.3573048135 3.22623503266
-0.6791958266 -1.06505481789 3.0262621736
-0.724417648707 0.0626952888802 3.35871982952
-0.711051719568 -0.307233932206 3.24748758766
-0.688872861445 -1.02213538197 3.04662539212
-0.713203041611 -0.430706221451 3.21988721269
-0.690787881245 -1.07138314259 3.03685363159
-0.728956099493 -0.162745403888 3.30203735879
-0.723138351818 -0.328458500413 3.25361120001
-0.743115326891 0.142159031356 3.39574030274
-0.733799081042 -0.140296780506 3.31356523036
-0.73282840758 -0.200072979409 3.29616908425
-0.721990680154 -0.593204103677 3.18984915466
-0.773888560647 0.69812957456 3.57519634442
-0.692334123571 -1.39611309748 2.96171842802
-0.787861613248 0.967809798391 3.66154050596
-0.728859112415 -0.509022219605 3.21349217413
-0.741757049796 -0.193757786116 3.30691730301
-0.692238094211 -1.47646523719 2.94313397492
-0.781264612148 0.65465103878 3.57157246664
-0.680722035865 -1.94111057622 2.82548794974
-0.748610992493 -0.32113851302 3.28133439621
-0.763190702732 -0.00128208889876 3.37817848491
-0.737756917414 -0.633801766822 3.19249081798
-0.75899885043 -0.146995794365 3.33679118418
-0.782514193545 0.420381408478 3.50685291905
-0.783480343813 0.42248310082 3.50773777521
-0.701442925326 -1.57925379299 2.9286654747
-0.769672452654 0.0479531941221 3.39780734683
-0.706586546546 -1.50652815708 2.95091288547
-0.724775475478 -1.22713549524 3.03485806774
-0.695799013687 -1.94100531559 2.84300258269
-0.76222616645 -0.422524859031 3.27007974627
-0.699406489213 -1.98825975172 2.83701386522
-0.75749243114 -0.638799209611 3.21158922608
-0.774322060384 -0.277671474121 3.3202655756
-0.786470425237 -0.0156480514115 3.39767417643
-0.849424833456 1.38886405606 3.84066597067
-0.781149649907 -0.262118975634 3.33043673755
-0.769948243123 -0.547581788094 3.24672350801
-0.739266631449 -1.37703996729 3.01760602162
-0.818901295317 0.235240776723 3.49651948559
-0.798899821365 -0.314025265151 3.33398597735
-0.798219325456 -0.340272137087 3.32767397401
-0.802360725694 -0.318685469416 3.33724884593
-0.785364911508 -0.73926723458 3.21646188021
-0.784368920598 -0.768010219779 3.2080289627
-0.75011367876 -1.55553393412 2.98837194529
-0.759216769336 -1.35464089397 3.04354444255
-0.805385439097 -0.333159982068 3.3369166729
-0.749883090003 -1.67432720495 2.96110855982
-0.808074349167 -0.38081962285 3.32795954769
-0.804410637486 -0.489140905872 3.29688665716
-0.815148656883 -0.286561191077 3.3583330856
-0.803620642169 -0.639469423465 3.25943335909
-0.872970421574 0.870147965846 3.71672400906
-0.848815655485 0.300130347877 3.54191440394
-0.768068524771 -1.53437982743 3.01123465102
-0.833014304849 -0.184315888269 3.40183552783
-0.841265041566 -0.0442128629278 3.44674245881
-0.820522865827 -0.510035149192 3.30806058095
-0.771674147104 -1.60093232175 3.00134058431
-0.883975552307 0.84152202587 3.71835740988
-0.855698789624 0.206837282969 3.52505975178
-0.757717028608 -1.97473230819 2.90497628532
-0.838422320623 -0.365615548637 3.36278830996
-0.840091960964 -0.340692779005 3.37084742993
-0.841856217081 -0.389267796493 3.36045699856
-0.831140729898 -0.692437160952 3.27557154574
-0.935857357521 1.48799284135 3.9518813287
-0.891265309554 0.479722482458 3.63115967671
-0.893777139495 0.51412476825 3.64007512245
-0.855651879334 -0.34197933042 3.38563089932
-0.866048168916 -0.163728363512 3.44069531807
-0.85179203292 -0.550072588068 3.33066357482
-0.856034784877 -0.528192007417 3.33980558698
-0.864810687737 -0.359595983872 3.39065739207
-0.837520714578 -1.05466371089 3.19660983839
-0.867395756988 -0.434500939205 3.37510300077
-0.798628901417 -1.87925130355 2.97144973348
-0.867386200279 -0.578118936472 3.34032141186
-0.831588330972 -1.33416096005 3.12618464236
-0.801941026594 -2.00000688495 2.94905684326
-0.874517942289 -0.566252218194 3.35079495272
-0.82746075791 -1.61193025605 3.06162170537
-0.816404726094 -1.88314664645 2.98913571518
-0.902060748812 -0.246508582392 3.45679542564
-0.935732181746 0.434298885736 3.66183101182
-0.9770948515 1.21301125633 3.91146506223
-0.889821145407 -0.590017839227 3.36051896221
-0.960485568197 0.718901105326 3.76223038008
-0.854684702104 -1.4108915841 3.13458488007
-0.86703883097 -1.16932792028 3.20245111173
-0.918934540354 -0.291110148202 3.46402755626
-0.835590105861 -1.94061235932 2.99867375214
-0.915795534082 -0.421478510682 3.42920321305
-0.913798763574 -0.511111821357 3.40412865008
-0.987833522849 0.863824942857 3.82693462297
-0.928590498914 -0.326515910722 3.46365203871
-0.882388170853 -1.23292551982 3.20396369034
-0.854546285531 -1.78541570667 3.05291201756
-1.01207401278 1.23371329048 3.94989296291
-0.888199569146 -1.23933950613 3.20872991073
-0.952382213846 -0.0337587161164 3.55917648845
-0.922893559047 -0.606611786071 3.39104272388
-0.905292790154 -0.952135843826 3.29185854201
-0.884589111214 -1.36969179667 3.17534505831
-0.981573664304 0.492991401522 3.72255004205
-0.897894229555 -1.2159458317 3.2238177315
-0.95490133992 -0.152486189342 3.53308076332
-0.900287764595 -1.23334210205 3.22286734596
-0.888937584121 -1.47498399835 3.15836361305
-0.903439053826 -1.22637878942 3.22842988587
-0.953994627239 -0.264531244017 3.49952526612
-0.903739660995 -1.22261807324 3.22919302665
-0.90362375291 -1.22721775533 3.22827728186
-0.883832775598 -1.62259349886 3.12038816879
-0.904907114368 -1.22780589997 3.22906608344
-0.905479922665 -1.22790468828 3.22981584462
-0.906103963264 -1.22143060381 3.23200229812
-0.906106815393 -1.2217926281 3.23201279781
-0.907018322763 -1.2214977962 3.23219211029
-0.908686734352 -1.2322942632 3.23234352799
-0.967490696252 -0.129201801771 3.55263996296
-1.02387073992 0.949664469065 3.88574529427
-0.969929893857 -0.152104317181 3.54893471623
-0.942834568358 -0.69635830325 3.39049461112
-0.93298056336 -0.889731189217 3.33563150952
-0.911287517171 -1.34997816863 3.20915600704
-0.963612913521 -0.40969292074 3.48230370986
-0.882592487293 -1.94797480014 3.05021511096
-0.989937947871 0.0105567284248 3.60588006428
-0.964954163791 -0.465863490909 3.46827907368
-1.03530316398 0.781675374061 3.85122172719
-0.929307101366 -1.23419313553 3.25389873304
-1.04061464888 0.805916859207 3.86240220043
-0.999051313653 -0.028152122073 3.60808161797
-0.911448314775 -1.66072666692 3.1426419816
-1.04189417166 0.741398477823 3.84768397216
-0.976618061525 -0.538857168512 3.46158162202
-0.942699709229 -1.23893440446 3.26770875393
-0.949854727845 -1.22202707243 3.27872225475
-1.09246308155 1.38011040812 4.06674496413
-0.969893879197 -0.889101857648 3.37432783435
-1.10297327208 1.53305850996 4.11925964071
-1.08945944816 1.24491900813 4.02645529098
-1.01625214451 -0.210230685727 3.58187900763
-0.977710007457 -0.916009542369 3.37709867362
-0.999566679761 -0.54301361073 3.48573526316
-1.04628951348 0.221208100583 3.71794986374
-1.07015944847 0.643424267042 3.84739820173
-1.01797727664 -0.434063836788 3.53065224106
-0.984404738338 -1.0342822814 3.35758811896
-1.08016010536 0.666670253745 3.86259137077
-1.11463070286 1.27539366609 4.05855168545
-1.08848138095 0.770477649303 3.89990037215
-0.997453392177 -0.859952745095 3.41088723111
-1.02937000945 -0.361008177251 3.55930593357
-1.03590594841 -0.296241714748 3.58277347042
-1.02359729976 -0.529776652809 3.51275847859
-1.06695678238 0.150135459431 3.72023008907
-0.997710868378 -1.1704288521 3.34126727685
-1.02342464715 -0.756727686135 3.46156666066
-1.03609236353 -0.543187550121 3.52286153236
-1.06887252732 -0.0380899642347 3.67645540976
-0.981728517778 -1.59065325545 3.23390243556
-0.978910282403 -1.73009993695 3.20231339614
-1.0773244547 -0.0853790676731 3.67393635399
-1.06331366311 -0.340419330978 3.5990640778
-1.05954587724 -0.463854359231 3.56743699318
-1.05729842354 -0.505294392329 3.55345506051
-1.05512582697 -0.654665091828 3.51747574356
-1.0762426522 -0.346304941237 3.61047323509
-1.07976048881 -0.33602400916 3.61590716637
-1.0651421997 -0.595324577573 3.54304447575
-1.14209881372 0.693633042172 3.93225052364
-1.02171810275 -1.37078507769 3.32468920075
-1.08723206037 -0.346415017309 3.61891550378
-1.02036308184 -1.47358679851 3.30200206697
-1.10120525444 -0.132641108986 3.68731955924
-1.03704720152 -1.23788453827 3.36969234958
-1.08461997927 -0.46102885401 3.59233624768
-1.08589709244 -0.453058942922 3.5963387103
-1.11299640248 -0.004105526304 3.72891732172
-1.03353433261 -1.34211211 3.34444287149
-1.0838924725 -0.584010183163 3.56508685266
-1.08684477588 -0.585594275225 3.5680338134
-1.06459047361 -0.956528045009 3.46067820358
-1.09308482111 -0.52519851601 3.58636230638
-1.03938924089 -1.41372991637 3.33480919089
-1.11099702983 -0.326841557003 3.65108112669
-1.10807159614 -0.434168701372 3.62342074793
-1.10184103629 -0.543069901491 3.59171854484
-1.18550534133 0.792078400607 3.99942104384
-1.17014193149 0.501050379785 3.90853067337
-1.10553923711 -0.552943455178 3.59289877556
-1.11135696626 -0.497752124874 3.61115803904
-1.11683948304 -0.440369136286 3.63062638562
-1.19394854186 0.650842296452 3.97093329241
-1.07621886237 -1.25656612366 3.40802856609
-1.14183143227 -0.233130582848 3.70416979099
-1.12560905497 -0.513530198393 3.62172038473
-1.11440096716 -0.826645347157 3.54194247968
-1.14807125616 -0.2941534987 3.69670970603
-1.07545534326 -1.46205480093 3.36372489084
-1.14429164055 -0.387802116531 3.66847872744
-1.13359783355 -0.572367730908 3.61794274404
-1.12683667158 -0.689342482972 3.58485541056
-1.14240252394 -0.474193935008 3.6497296289
-1.2153392247 0.652508291588 3.99266675508
-1.1466481741 -0.43790513504 3.66188967475
-1.14490568905 -0.525888037887 3.63949357005
-1.17319244355 -0.09942276146 3.7675018515
-1.16673096767 -0.222427093711 3.73242099372
-1.13648673163 -0.699041665658 3.59254297676
-1.17539516309 -0.0942925172834 3.76676103352
-1.1612308407 -0.347415837606 3.69708523361
-1.15935281533 -0.45644192924 3.67146303532
-1.1506436926 -0.606699720757 3.62861052576
-1.1577666779 -0.513118843167 3.65663451028
-1.15865919119 -0.51128389027 3.65767455432
-1.15543022335 -0.612438081016 3.63323505295
-1.16538559155 -0.532243264835 3.66018384904
-1.12458824501 -1.2146379288 3.46875336047
-1.17104095206 -0.51963698412 3.66873739914
-1.17573136601 -0.523607039494 3.67306265967
-1.17219330707 -0.603306999518 3.65174303757
-1.17584414983 -0.556487445994 3.66572060624
-1.12289978071 -1.36938683509 3.4343093277
-1.17883532474 -0.521550634794 3.67666545072
-1.18230653079 -0.47344390783 3.69206917902
-1.18034195288 -0.511011744563 3.68011659927
-1.18047277078 -0.51840066325 3.67920357031
-1.19303463473 -0.328942158416 3.73315308403
-1.18100444326 -0.522061931682 3.67825955202
-1.18305108876 -0.521099856772 3.68088302175
-1.15588661975 -0.959367151024 3.55696406145
-1.13178820392 -1.33238481875 3.4527765507
-1.17945547089 -0.616711613124 3.65597615626
-1.12026263364 -1.51322951642 3.40263186081
-1.18970477275 -0.497532668927 3.69292808502
-1.1960842244 -0.447507722447 3.71126425164
-1.20703483691 -0.332141821325 3.74770255937
-1.16603275837 -0.949640393917 3.56968645341
-1.18046821643 -0.776498638909 3.62215550692
-1.18997772754 -0.706964649312 3.64711354599
-1.20498665034 -0.540092093303 3.69958093919
-1.29549779198 0.774740991152 4.10140754521
-1.20118437837 -0.639498001282 3.67459792521
-1.15421333605 -1.35137212221 3.47195081844
-1.32401559554 1.11474565821 4.2157947568
-1.25439838156 0.0672440055944 3.88938529264
-1.21231967583 -0.560943428444 3.70283346779
-1.2011957032 -0.727279377839 3.65413984441
-1.22018280152 -0.498980541242 3.72418079072
-1.13831742278 -1.73459656259 3.37874044333
-1.27908213402 0.317588076928 3.96592813361
-1.21978103435 -0.586092776943 3.70449428144
-1.21149942463 -0.711134698558 3.6685808523
-1.2152552898 -0.719358847398 3.67082084736
-1.29339537303 0.407029469679 4.00615790113
-1.22632233878 -0.589310578261 3.71033068131
-1.23262180567 -0.512534828898 3.73394859872
-1.22179205862 -0.685746994844 3.68412358591
-1.21715632171 -0.759564685885 3.66368789819
-1.21411477474 -0.817599852673 3.64822188623
-1.23003680017 -0.589633194697 3.71448944114
-1.23053575187 -0.591464055927 3.71474904406
-1.23830717054 -0.478778139828 3.75042400525
-1.24980266497 -0.367684033445 3.78351858783
-1.27564982706 -0.0244936361588 3.88142264016
-1.251715915 -0.371817470041 3.78585966353
-1.24150658213 -0.585469796994 3.72676144481
-1.20526612739 -1.11229604255 3.57664565997
-1.2419551414 -0.587377366488 3.72631125982
-1.24772837654 -0.534408266559 3.74384090877
-1.26002230977 -0.413310574641 3.78601030668
-1.31022892346 0.304389288148 3.99737157431
-1.23985168701 -0.731232948459 3.69224067934
-1.24307330764 -0.843882245282 3.67313130951
-1.24856837325 -0.786507784571 3.69064323376
-1.28392688764 -0.334156763433 3.82640388711
-1.33241966186 0.351832216753 4.02895247572
-1.29926159901 -0.149079321381 3.88334260874
-1.2594444532 -0.716011475898 3.71740050978
-1.19704997678 -1.61174282393 3.46745546984
-1.26980539036 -0.6394520924 3.74084445517
-1.30870022528 -0.143814946066 3.89516414311
-1.25530793101 -0.894603828591 3.67459857384
-1.26472951858 -0.769973133015 3.70997251269
-1.41218335505 1.27952751837 4.3436017713
-1.34750926478 0.347644542247 4.04384710651
-1.28648791821 -0.592506218956 3.77330219968
-1.385833115 0.780649591649 4.18353454327
-1.30225497315 -0.46760822915 3.81367762267
-1.29997502139 -0.503876512384 3.79859085824
-1.34113432922 0.0541204966897 3.97051225499
-1.43030434125 1.29803650728 4.36548679485
-1.28046960731 -0.793256253307 3.72389052109
-1.27067279926 -0.956501837152 3.67993837564
-1.42054034022 1.08980910246 4.30219054835
-1.27664930872 -0.918574476334 3.69314441304
-1.28750896005 -0.78501634215 3.73290679873
-1.27731507763 -0.942780449036 3.68892549446
-1.29836792463 -0.698648139088 3.76189805992
-1.28785095928 -0.874961074969 3.71377467218
-1.3013217454 -0.701658194495 3.76436713731
-1.28340462663 -0.952164931078 3.69358619394
-1.31406625642 -0.555363624381 3.80504129543
-1.33750425966 -0.253115121324 3.89897828867
-1.33102554481 -0.407397491386 3.85902573615
-1.31281257328 -0.683822924971 3.77873928836
-1.35635767653 -0.142281683836 3.93721417676
-1.31847545777 -0.662331160189 3.78959464089
-1.28937312997 -1.06337494778 3.67786383243
-1.33111806742 -0.515073458124 3.83316376014
-1.31584053978 -0.725236817013 3.77242231336
-1.32969032197 -0.55426395567 3.82244127698
-1.31795189685 -0.738617093457 3.77364954884
-1.33626620714 -0.592346347998 3.82498785814
-1.40902520298 0.368538090394 4.11107543391
-1.34536415295 -0.503792195396 3.85152978136
-1.33312389506 -0.686268611727 3.80180120485
-1.32488807423 -0.87039863675 3.75413446901
-1.40787527003 0.192510108289 4.06999987028
-1.34382226809 -0.665617835624 3.81601616351
-1.35600128386 -0.527287375239 3.85582466671
-1.30712871453 -1.17374062469 3.67451872066
-1.329519105 -0.892359604549 3.75443703445
-1.33941081544 -0.812572071539 3.78060372612
-1.25657266177 -1.92548306971 3.4741487585
-1.30717012347 -1.2748343736 3.65377545675
-1.35374399757 -0.698087879594 3.82010464509
-1.30517549407 -1.34049219999 3.63846194669
-1.42741034645 0.254275711174 4.09823443486
-1.35590500598 -0.778361322791 3.80594373342
-1.34693199533 -0.905765081027 3.76992668396
-1.36123560661 -0.721963871455 3.82376155313
-1.3117434698 -1.38664386874 3.63214029828
-1.44369184558 0.330907391175 4.13477878608
-1.34268406627 -0.993498079221 3.74648688628
-1.36667045524 -0.733226444377 3.82689861645
-1.3904027988 -0.431618435896 3.91439647942
-1.32873408658 -1.28326701528 3.67522953697
-1.32187833661 -1.39346413916 3.64667462661
-1.38166609005 -0.634527179349 3.86215817679
-1.36623987411 -0.842190614188 3.80430703359
-1.4164785652 -0.213840167565 3.98909875596
-1.37597153508 -0.754251487787 3.83184759613
-1.40238910345 -0.414394089466 3.93133561456
-1.39976780555 -0.452566780722 3.92013981841
-1.39219010357 -0.591023607247 3.88330139782
-1.37610217585 -0.814937226659 3.82061693096
-1.38114773253 -0.772151373788 3.83419924266
-1.40519125794 -0.466601483577 3.92316771546
-1.31631929193 -1.63579175433 3.59425325895
-1.48468369238 0.468335887659 4.21134351318
-1.36533542458 -1.07401281217 3.75516715247
-1.37198591745 -1.0148823245 3.77425579608
-1.38645173321 -0.84755371589 3.82455095943
-1.40348618589 -0.632460641826 3.88239688569
-1.35268073065 -1.29879209094 3.69804756665
-1.46838331256 0.149731010578 4.12265151826
-1.40046874582 -0.738815818079 3.86118605942
-1.40492811445 -0.711055047906 3.87151353107
-1.37591602889 -1.08615949702 3.76241775489
-1.47675240192 0.139687367999 4.12841282516
-1.46064570971 -0.0812144113134 4.05783129807
-1.41589624868 -0.686991872396 3.88809270307
-1.53126111501 0.726655272577 4.31974037575
-1.41895413529 -0.772499859747 3.87386936002
-1.45907700792 -0.28817279488 4.0165599039
-1.42692561188 -0.715345103759 3.89431810767
-1.42937886824 -0.689160996081 3.9016015102
-1.43438233633 -0.7048082843 3.9038990887
-1.54310868709 0.651002330057 4.31332991324
-1.43850040013 -0.661717194833 3.91764939131
-1.43255904264 -0.738271735782 3.89536681825
-1.43656810539 -0.696915060556 3.90731469133
-1.45876590126 -0.427055476325 3.98704058088
-1.38168223803 -1.39344980205 3.71123421669
-1.49041456701 -0.0510905183068 4.096936983
-1.52621511217 0.383166210663 4.23207325257
-1.41443516682 -1.06860803515 3.80959598559
-1.42356563047 -0.958851787091 3.8398888445
-1.38347633949 -1.46443606876 3.69959327929
-1.4469232295 -0.718824721956 3.91481085824
-1.43262460041 -0.896554698727 3.86258304661
-1.44909358116 -0.704166842129 3.91981463048
-1.49799314203 -0.103641129457 4.09712525149
-1.51358170459 0.0719171843208 4.15081283108
-1.56562679025 0.699135289979 4.34707909883
-1.48252381511 -0.344258818208 4.02802142762
-1.45704481418 -0.729993022691 3.92261683901
-1.41494252222 -1.2503963024 3.77595913705
-1.44780188788 -0.879969383426 3.88302597585
-1.5983430601 0.882513665802 4.42318608542
-1.36125555338 -2.02225737651 3.57651189059
-1.47685713727 -0.687789512149 3.95365846164
-1.47267113453 -0.7561661135 3.93345835161
-1.53248629521 -0.0724804653304 4.13718327953
-1.476033996 -0.754369853551 3.93786457333
-1.61981025733 0.961955909708 4.46295935281
-1.54081697368 -0.00483248327358 4.16177600956
-1.48195089043 -0.721873876893 3.95057993574
-1.57841892751 0.409396891666 4.29252122568
-1.4433879656 -1.21698534794 3.81221367117
-1.35427874253 -2.31624965763 3.51911347316
-1.46217233386 -1.0483168366 3.86523170241
-1.48960264627 -0.73606277999 3.95568068898
-1.43305388507 -1.43364754056 3.76024503263
-1.48876338427 -0.788147288678 3.9447410781
-1.50243359933 -0.651350471825 3.98645189969
-1.50237275299 -0.663516572849 3.98122795243
-1.50273482184 -0.689478901276 3.9787920048
-1.58789725294 0.315071668781 4.27945043344
-1.38478936642 -2.09262127026 3.59081326609
-1.46952722772 -1.09802803246 3.86212546634
-1.53620438163 -0.334265485653 4.08733938275
-1.62129003366 0.642322648369 4.38715410953
-1.47406621737 -1.14418734735 3.85968205061
-1.51583071606 -0.661273215677 3.99964892531
-1.46628110652 -1.24511360284 3.83231437006
-1.56140662012 -0.140304771643 4.15244878372
-1.45993145512 -1.46325840376 3.78514314504
-1.45305433378 -1.55265694716 3.76109307022
-1.65135491832 0.733099831111 4.4390294652
-1.52693479019 -0.750331930555 3.992754194
-1.5253408754 -0.771982715464 3.98605835543
-1.60203100029 0.11044642806 4.24914653258
-1.57159453386 -0.258020669871 4.14007057766
-1.52061074022 -0.867828665649 3.96271066697
-1.52535076929 -0.84881612487 3.97163762569
-1.48196534055 -1.36344590154 3.82722563964
-1.50133876339 -1.14699796329 3.88762348877
-1.69647441794 1.00449009067 4.54762950513
-1.68176603148 0.81401598036 4.4873046486
-1.65306036385 0.454797343919 4.37577814769
-1.63940797973 0.278497903984 4.32301604849
-1.73054784906 1.31026543181 4.65361732784
-1.67079067775 0.599106340978 4.42701281145
-1.49717368995 -1.43812701594 3.82904179851
-1.5428169595 -0.935691808138 3.97066123962
-1.58990601992 -0.407132451704 4.127952961
-1.57577739874 -0.628290691473 4.06866679572
-1.52913133314 -1.2820334195 3.89277649245
-1.52389739483 -1.34781323055 3.87865033684
-1.72296088077 0.882646540733 4.5426390031
-1.71895171596 0.742195989486 4.50842201109
-1.58350928528 -0.844231894583 4.03409381053
-1.73229271494 0.814779487216 4.53780661856
-1.73488025945 0.842808441397 4.54544221684
-1.79229582039 1.44997891404 4.74651835762
-1.62042443002 -0.516160397002 4.13674205347
-1.55836190313 -1.20669198735 3.93815983892
-1.78453052499 1.31526399537 4.70664495185
-1.57442004184 -1.03195491762 3.98986388037
-1.62071731185 -0.533707412562 4.13427557061
-1.58104304068 -0.99731478457 4.00304403194
-1.64204251956 -0.355144324265 4.19293542519
-1.55271516788 -1.35299953149 3.90602210093
-1.79932953226 1.31230456687 4.71913559667
-1.5584420968 -1.37676346818 3.90788181966
-1.69014542735 0.0262180255547 4.32006805014
-1.68461325067 -0.0785505145921 4.29255093041
-1.69750232167 0.0439738168835 4.33237657088
-1.57614309251 -1.3207012946 3.93777288978
-1.57560346798 -1.333183636 3.93412380278
-1.64286103747 -0.865122545092 4.09284188536
-1.75695985226 0.336479977506 4.45322883823
-1.64316629416 -0.915643138413 4.0839781862
-1.68190242964 -0.538434501673 4.19685337819
-1.59113647894 -1.50960123686 3.9204313933
-1.6812105999 -0.784436706635 4.14891847511
-1.67358126948 -0.875995743452 4.12447966452
-1.8169400816 0.60167002627 4.57150307939
-1.87035349128 1.16818958003 4.7527162948
-1.79440267098 0.263856991198 4.4767161748
-1.74666895042 -0.303747871462 4.30921646877
-1.68914075104 -0.907580940654 4.13479433681
-1.74895632973 -0.307017064789 4.30898460633
-1.79547289171 0.179982294983 4.45896497357
-1.57186156484 -2.18441776677 3.79123492816
-1.86365322128 0.835178442575 4.66739224944
-1.68366577333 -1.05648293288 4.10208646769
-1.65456650364 -1.3755647269 4.01434279578
-1.79046778916 -0.0140358142919 4.4154820564
-1.68904416088 -1.11836371173 4.09605542041
-1.67494954415 -1.28873275381 4.05122537733
-1.87797154612 0.785426440285 4.67268795457
-1.70666730295 -0.992929315749 4.13788923876
-1.67889063813 -1.2973052239 4.05373116999
-1.71095724513 -0.971698430783 4.14601770134
-1.79313498456 -0.163367864098 4.38545232323
-1.76936279934 -0.473126983251 4.30206384945
-1.74716797345 -0.75434138374 4.22505177424
-1.91037624682 0.894942091899 4.72852714239
-1.89628933684 0.747100511948 4.68234244618
-1.75079794786 -0.853125456424 4.21004359898
-1.75710488033 -0.821758750298 4.22271256661
-1.83178841549 -0.127211109402 4.43082527449
-1.74359684048 -1.10614637168 4.15795546169
-1.96409666866 1.04146921261 4.81359234992
-1.7878981412 -0.801001551795 4.25933286317
-1.78678234771 -0.82442864078 4.25377028572
-2.02380970469 1.49177154759 4.97646871522
-1.79448412991 -0.895653935158 4.24904072697
-1.8479659115 -0.375391734551 4.40102532563
-1.80610253116 -0.797639915064 4.2783024996
-1.88982424765 0.00992119792844 4.51980878016
-2.03083874089 1.37957935975 4.9569256995
-1.92841969771 0.260768779955 4.60890260728
-1.80548495109 -0.953790465111 4.24951571207
-1.77824538381 -1.22375922923 4.17588782749
-1.90832482988 -0.00266510984867 4.53520236834
-1.79482971034 -1.11926633343 4.21050765823
-1.85562831173 -0.609138033883 4.36672407943
-1.86443932857 -0.525597602968 4.39087468938
-1.7880654433 -1.30823790862 4.17107579356
-1.85697488641 -0.670612729 4.35582965936
-1.96619918041 0.365593383547 4.66936393826
-1.82058722879 -1.03691852804 4.2526675898
-1.78266911721 -1.44255258989 4.14341741394
-2.04829625292 1.08222824131 4.90424073882
-1.89979520721 -0.372706126861 4.4559424597
-1.9809346603 0.403626047158 4.68967737653
-1.73643207617 -1.94420880991 4.013489205
-2.02188876344 0.749500875466 4.80605352667
-1.84186209648 -0.993188085149 4.28337045373
-1.81880504343 -1.24292204417 4.21602726107
-2.10570771181 1.48605547175 5.05188220255
-2.04900695448 0.920977350836 4.86868322531
-1.92469034867 -0.292452774509 4.49711151247
-1.98985579363 0.323791497718 4.6852978259
-1.8433944276 -1.0787421743 4.27002736468
-1.84681208498 -1.05101306048 4.27887490809
-1.93668125901 -0.235840072243 4.51847195292
-2.11909234968 1.46187994999 5.05919792343
-1.87504918303 -0.888398510103 4.33741667995
-1.99887361411 0.25301271807 4.67781094878
-1.91066148636 -0.584635717649 4.42786692586
-1.85760498492 -1.12020564352 4.27814702234
-1.86834948913 -1.11530668458 4.29056855894
-2.00241769035 0.0259320568662 4.63688860803
-1.89713757489 -1.01533220193 4.33890116599
-1.89780789895 -1.10724143692 4.3238578597
-2.02800972907 0.0813880039581 4.67193659312
-1.90361976453 -1.0610946954 4.33829085456
-1.93903605914 -0.779644748194 4.42315208105
-1.91076281642 -1.03823258544 4.34901668366
-2.12543556507 0.923727733134 4.94432197385
-1.91565588229 -1.03507341704 4.3554223727
-1.97389555452 -0.524874242134 4.50562413733
-1.9327195585 -0.901480579201 4.39544522468
-1.90110072153 -1.19385319458 4.3142006144
-1.93164975844 -0.929651952846 4.38963519727
-1.92978427794 -1.0491109239 4.3682196895
-2.11865458867 0.656119953596 4.88140084866
-1.92098394307 -1.21370886576 4.3320342965
-1.9477940387 -1.07625532233 4.38429004492
-1.96086970384 -0.962063537911 4.41460179315
-1.87535309093 -1.76012693724 4.19814971448
-1.98173277254 -0.81997875526 4.46247672181
-1.95958803582 -1.07490989853 4.39610146301
-2.01160582456 -0.635351422706 4.52622079356
-1.89288417951 -1.72076272161 4.22258924028
-2.11786163754 0.26518524144 4.80178704013
-1.99632332893 -0.868983476096 4.47039003543
-2.01246703433 -0.816603306373 4.49589402959
-1.98302711946 -1.07799320858 4.42073290007
-2.08415511668 -0.234004188981 4.67249780137
-2.06679917983 -0.423610752078 4.62039967053
-2.17962040995 0.439813766809 4.89762687136
-2.13767943948 0.0712940038871 4.78425697111
-1.99374387818 -1.19014736265 4.41487243098
-2.07706808994 -0.475741116628 4.62153109502
-2.05344095876 -0.838736009227 4.53658241257
-2.1670835202 0.0757685488168 4.8136160241
-2.08884138057 -0.737176286679 4.59095009718
-2.01766544292 -1.40612491966 4.40725996534
-2.10463931645 -0.840411830471 4.58950898636
-2.1504374659 -0.472446376736 4.69885569201
-1.97928527713 -1.92089848876 4.29148951406
-2.10719864029 -0.984029233494 4.56966740637
-2.20771790025 -0.202778753212 4.80679170303
-2.21877822623 -0.140079158508 4.82909291437
-2.31903129465 0.597974979875 5.06894331092
-2.18963762411 -0.61562173155 4.71705085724
-2.18488765852 -0.679549370574 4.70131879909
-2.34181818716 0.572793888411 5.08481644527
-2.25689526153 -0.130273482001 4.87062261771
-2.2820528909 -0.06117656912 4.90768464445
-2.2667588301 -0.197560327594 4.86816820856
-2.29764781678 0.018343567243 4.93820912561
-2.24477737937 -0.458416174016 4.80163309042
-2.31944115146 -0.027758592908 4.95251823502
-2.32820454215 -0.258868098842 4.9221809824
-2.1779698024 -1.44647381106 4.57817632832
-2.19862489471 -1.34262669416 4.61590466567
-2.39428251683 -0.150930398975 5.0074564496
-2.40280187765 -0.315923804379 4.9895517769
-2.43864240724 -0.0540614179191 5.06965046229
-2.31160774815 -1.01842756618 4.78510562392
-2.44283029308 -0.0604117550574 5.07327791687
-2.44955840234 -0.0523454482761 5.08076238978
-2.44981193994 -0.0720991313656 5.07912968629
-2.45143471787 -0.0691028373217 5.0799299369
-2.44492526672 -0.341211023669 5.02858360375
-2.48117740493 -0.101914804856 5.10585311283
-2.4404334346 -0.446874345334 5.00844406307
-2.60256304726 0.472299133355 5.32831125071
-2.51998881629 -0.165046256767 5.13585607715
-2.52060367968 -0.175333974142 5.13451394052
-2.50005582703 -0.44783328358 5.07078580676
-2.61901000082 0.362194976551 5.32537040126
-2.60725965443 0.192603109075 5.28368998559
-2.71672779003 0.611188137797 5.46686638396
-2.57644376382 -0.666352084488 5.11890118241
-2.57091082453 -0.870595965871 5.08391462921
-2.75545397412 -0.233501889546 5.36890492946
-2.82348035215 0.144375014327 5.49585015964
-2.90819806587 0.58696659565 5.65371159294
-2.95606685051 0.786714768921 5.73404376089
-2.85563542736 0.0732163743567 5.51823941268
-2.90798331875 0.211101746327 5.59268904128
-2.82773271618 -0.382323976404 5.42221316
-2.77835532305 -0.741814234144 5.32211174041
-2.92864800595 0.15476458813 5.60503836355
-2.8626097778 -0.499322413177 5.44250850628
-3.13078663054 0.665219731321 5.88797823831
-2.87136033755 -1.62626002047 5.32749050907
-3.18627160979 0.0385932513125 5.85050454176
-3.47208365864 0.624381897776 6.22158307949
-3.11882699483 -2.03600478163 5.57532016115
-3.67147318365 0.219489159012 6.3679489249
-3.41150465491 -2.02409131718 5.90869398692
-3.5373762411 -1.72302098546 6.06251988678
-0.956275563402 1.58950064312 3.99506881205
