# Kepler Asteroseismic Data
# KIC number: 10874614
# Season:     Q0
# TRF:        0
# Version:    8
# Time is in truncated barycentric julian date
# Time (days), Raw Flux, Raw Flux error, Corrected Flux, Corrected Flux error
#-----------------------------------------------------------
    54953.5385279 6.82606562e+04 7.54967022e+00 7.41553516e+04 8.03159046e+00
    54953.5589622 6.82541016e+04 7.54938602e+00 7.40773594e+04 7.98574495e+00
    54953.5793965 6.82538125e+04 7.54930401e+00 7.40850078e+04 8.03365803e+00
    54953.5998310 6.82433828e+04 7.54894304e+00 7.40891875e+04 8.00369072e+00
    54953.6202653 6.82445312e+04 7.54895020e+00 7.40842969e+04 8.05679893e+00
    54953.6406996 6.82334531e+04 7.54849958e+00 7.40944062e+04 8.04995346e+00
    54953.6611339 6.82549766e+04 7.54932165e+00 7.40893047e+04 8.04991055e+00
    54953.6815684 6.82490938e+04 7.54910898e+00 7.40988125e+04 8.06967926e+00
    54953.7020027 6.82519766e+04 7.54915047e+00 7.40892656e+04 8.07389355e+00
    54953.7224370 6.82425703e+04 7.54880953e+00 7.40867422e+04 8.08073902e+00
    54953.7428715 6.82537188e+04 7.54918957e+00 7.40908828e+04 8.08097172e+00
    54953.7633057 6.82474531e+04 7.54898405e+00 7.40833828e+04 8.07814693e+00
    54953.7837401 6.82739922e+04 7.55009317e+00 7.41152734e+04 8.08386803e+00
    54953.8041745 6.82594297e+04 7.54952765e+00 7.40934141e+04 8.08179283e+00
    54953.8246088 6.82411641e+04 7.54879522e+00 7.40751094e+04 8.08681107e+00
    54953.8450432 6.82520859e+04 7.54916430e+00 7.40910703e+04 8.09742737e+00
    54953.8654775 6.82499531e+04 7.54906273e+00 7.40814922e+04 8.09149361e+00
    54953.8859120 6.82467891e+04 7.54902840e+00 7.40852969e+04 8.11054230e+00
    54953.9063463 6.82672500e+04 7.54992676e+00 7.41210625e+04 8.10667706e+00
    54953.9267806 6.82642031e+04 7.54967928e+00 7.40942031e+04 8.09771633e+00
    54953.9472151 6.82525625e+04 7.54927588e+00 7.41138281e+04 8.10849571e+00
    54953.9676493 6.82573125e+04 7.54938030e+00 7.40998438e+04 8.10840416e+00
    54953.9880837 6.82522578e+04 7.54923916e+00 7.40946406e+04 8.11451149e+00
    54954.0085180 6.82636484e+04 7.54971457e+00 7.41231328e+04 8.12113094e+00
    54954.0289524 6.82505391e+04 7.54913139e+00 7.40803984e+04 8.11833954e+00
    54954.0493868 6.82603516e+04 7.55083227e+00 7.41240078e+04 8.11172962e+00
    54954.0698211 6.82592031e+04 7.54958105e+00 7.41030859e+04 8.13704491e+00
    54954.0902555 6.82411953e+04 7.54879284e+00 7.40827031e+04 8.11435413e+00
    54954.1106899 6.82569219e+04 7.54932356e+00 7.40868438e+04 8.12729263e+00
    54954.1311242 6.82689922e+04 7.55073071e+00 7.41270156e+04 8.13181305e+00
    54954.1515585 6.82490781e+04 7.54905891e+00 7.40980234e+04 8.13164520e+00
    54954.1719930 6.82638047e+04 7.54952765e+00 7.41349766e+04 8.14670372e+00
    54954.1924273 6.82605625e+04 7.54945087e+00 7.41479609e+04 8.14573383e+00
    54954.2128616 6.82676641e+04 7.54970074e+00 7.41623984e+04 8.14153194e+00
    54954.2332960 6.82681016e+04 7.54963350e+00 7.41690703e+04 8.14310265e+00
    54954.2537304 6.82521094e+04 7.54907417e+00 7.41391484e+04 8.14756298e+00
    54954.2741647 6.82773125e+04 7.55008125e+00 7.41870938e+04 8.14378834e+00
    54954.2945990 6.82640938e+04 7.54954624e+00 7.41519141e+04 8.14923191e+00
    54954.3150335 6.82642656e+04 7.54952717e+00 7.41578828e+04 8.15177155e+00
    54954.3354678 6.82726641e+04 7.54977894e+00 7.41816406e+04 8.13651085e+00
    54954.3559021 6.82592500e+04 7.54922867e+00 7.41409609e+04 8.14987278e+00
    54954.3763366 6.82702656e+04 7.54965973e+00 7.41454297e+04 8.15122795e+00
    54954.3967709 6.82650156e+04 7.54954815e+00 7.41382578e+04 8.14100933e+00
    54954.4172052 6.80687578e+04 7.54137564e+00 7.39338359e+04 8.13565922e+00
    54954.4376396 6.76738828e+04 7.52478361e+00 7.35067344e+04 8.10904980e+00
    54954.4580740 6.75908359e+04 7.52136850e+00 7.34215625e+04 8.09347248e+00
    54954.4785083 6.75369141e+04 7.51919174e+00 7.33733594e+04 8.10677719e+00
    54954.4989426 6.75631797e+04 7.52020645e+00 7.34027344e+04 8.10178661e+00
    54954.5193770 6.75854453e+04 7.52106047e+00 7.34093828e+04 8.11506844e+00
    54954.5398115 6.77093984e+04 7.52621317e+00 7.35409062e+04 8.11513138e+00
    54954.5602458 6.81836953e+04 7.54597330e+00 7.40563828e+04 8.12440395e+00
    54954.5806801 6.82603750e+04 7.54961205e+00 7.41515391e+04 8.12019825e+00
    54954.6011146 6.82635859e+04 7.54944420e+00 7.41428125e+04 8.10335350e+00
    54954.6215489 6.82656719e+04 7.54948378e+00 7.41443750e+04 8.07329178e+00
    54954.6419832 6.82501172e+04 7.54889250e+00 7.41209375e+04 8.12864304e+00
    54954.6624175 6.82774688e+04 7.55000544e+00 7.41348438e+04 8.14134693e+00
    54954.6828520 6.82677734e+04 7.54967022e+00 7.41352031e+04 8.11337662e+00
    54954.7032863 6.82767031e+04 7.54990435e+00 7.41327891e+04 8.12226963e+00
    54954.7237206 6.82690078e+04 7.54960203e+00 7.41470547e+04 8.12605095e+00
    54954.7441551 6.82633047e+04 7.54940796e+00 7.41340703e+04 8.10392761e+00
    54954.7645894 6.82775000e+04 7.55002022e+00 7.41593438e+04 8.12890244e+00
    54954.7850237 6.82685156e+04 7.54940510e+00 7.41537344e+04 8.11323261e+00
    54954.8054581 6.82799141e+04 7.54995489e+00 7.41605234e+04 8.11675072e+00
    54954.8258924 6.82900781e+04 7.55046940e+00 7.41857109e+04 8.11498547e+00
    54954.8463268 6.82671953e+04 7.54948759e+00 7.41553906e+04 8.12055969e+00
    54954.8667612 6.82758828e+04 7.55007219e+00 7.41457734e+04 8.12035942e+00
    54954.8871955 6.82877656e+04 7.55026484e+00 7.41564766e+04 8.11817169e+00
    54954.9076299 6.82675703e+04 7.54949808e+00 7.41279766e+04 8.13377857e+00
    54954.9280643 6.82898281e+04 7.55042458e+00 7.41625547e+04 8.10957623e+00
    54954.9484985 6.82823750e+04 7.55006838e+00 7.41766953e+04 8.12986279e+00
    54954.9689330 6.82755312e+04 7.54968739e+00 7.41540625e+04 8.14768887e+00
    54954.9893673 6.82757266e+04 7.54971600e+00 7.41696719e+04 8.12308121e+00
    54955.0098016 6.82786094e+04 7.54984331e+00 7.41846562e+04 8.10994244e+00
    54955.0302361 6.82852969e+04 7.55023432e+00 7.41591875e+04 8.15211678e+00
    54955.0506704 6.82622812e+04 7.54919243e+00 7.41362812e+04 8.15067101e+00
    54955.0711048 6.82662422e+04 7.54943419e+00 7.41447109e+04 8.15117168e+00
    54955.0915391 6.82760625e+04 7.54976988e+00 7.41587812e+04 8.16036224e+00
    54955.1119735 6.82643203e+04 7.54920006e+00 7.41094531e+04 8.16157722e+00
    54955.1324079 6.82724922e+04 7.54955292e+00 7.41374453e+04 8.17317104e+00
    54955.1528421 6.82786406e+04 7.55003643e+00 7.41447969e+04 8.16306973e+00
    54955.1732766 6.82808125e+04 7.55006886e+00 7.41486641e+04 8.16577721e+00
    54955.1937110 6.82872500e+04 7.55013704e+00 7.41565469e+04 8.16342163e+00
    54955.2141452 6.82752812e+04 7.54958010e+00 7.41501094e+04 8.15690613e+00
    54955.2345796 6.82705938e+04 7.54938936e+00 7.41463906e+04 8.14615822e+00
    54955.2550141 6.82769141e+04 7.54959917e+00 7.41710859e+04 8.15001106e+00
    54955.2754483 6.82833594e+04 7.54997730e+00 7.41655625e+04 8.14922333e+00
    54955.2958827 6.82742891e+04 7.54961777e+00 7.41515781e+04 8.16203308e+00
    54955.3163172 6.82687578e+04 7.54925013e+00 7.41507031e+04 8.14197159e+00
    54955.3367514 6.82749922e+04 7.54963636e+00 7.41526172e+04 8.15298176e+00
    54955.3571858 6.82729297e+04 7.54954672e+00 7.41376484e+04 8.15502930e+00
    54955.3776201 6.82721641e+04 7.54946899e+00 7.41212969e+04 8.15652180e+00
    54955.3980546 6.82672500e+04 7.54926205e+00 7.40931172e+04 8.15755653e+00
    54955.4184889 6.82881562e+04 7.55012131e+00 7.41245547e+04 8.16100502e+00
    54955.4389232 6.82719531e+04 7.54946804e+00 7.41148750e+04 8.15273952e+00
    54955.4593577 6.82717500e+04 7.54938841e+00 7.41065312e+04 8.14986610e+00
    54955.4797920 6.82799844e+04 7.54971457e+00 7.41054609e+04 8.15467834e+00
    54955.5002263 6.82753906e+04 7.54948854e+00 7.41062500e+04 8.15177441e+00
    54955.5206606 6.82916875e+04 7.55022478e+00 7.41431406e+04 8.14907932e+00
    54955.5410951 6.82813672e+04 7.54975605e+00 7.41176406e+04 8.14528656e+00
    54955.5615294 6.82714609e+04 7.54930067e+00 7.41038203e+04 8.14218807e+00
    54955.5819638 6.82815625e+04 7.54977036e+00 7.41164297e+04 8.14764595e+00
    54955.6023981 6.82713828e+04 7.54939079e+00 7.40987578e+04 8.14270782e+00
    54955.6228325 6.82675078e+04 7.54914188e+00 7.40851953e+04 8.15062237e+00
    54955.6432669 6.82617031e+04 7.54898453e+00 7.40795000e+04 8.14200974e+00
    54955.6637011 6.82503359e+04 7.54890871e+00 7.40562578e+04 8.11530113e+00
    54955.6841356 6.82716953e+04 7.55075026e+00 7.40766875e+04 8.09897900e+00
    54955.7045700 6.82594531e+04 7.55019045e+00 7.40561719e+04 8.07429695e+00
    54955.7250042 6.82620391e+04 7.54898834e+00 7.40674219e+04 8.11737061e+00
    54955.7454387 6.82747812e+04 7.55088663e+00 7.40572578e+04 8.09650135e+00
    54955.7658731 6.82708359e+04 7.55065966e+00 7.40536953e+04 8.08710289e+00
    54955.7863073 6.82575625e+04 7.54872131e+00 7.40429453e+04 8.09155846e+00
    54955.8067417 6.82727734e+04 7.54947615e+00 7.40600391e+04 8.11100006e+00
    54955.8271762 6.82606016e+04 7.54894114e+00 7.40434453e+04 8.10347366e+00
    54955.8476105 6.82656953e+04 7.54902411e+00 7.40522969e+04 8.12901878e+00
    54955.8680449 6.82605859e+04 7.54893732e+00 7.40473438e+04 8.10822868e+00
    54955.8884792 6.82523281e+04 7.54854536e+00 7.40407891e+04 8.12768555e+00
    54955.9089136 6.82649609e+04 7.54910755e+00 7.40491797e+04 8.11190319e+00
    54955.9293480 6.82919375e+04 7.55024529e+00 7.40800469e+04 8.13762093e+00
    54955.9497822 6.82685938e+04 7.54917097e+00 7.40560078e+04 8.13527203e+00
    54955.9702167 6.82560703e+04 7.54872847e+00 7.40467578e+04 8.15158176e+00
    54955.9906511 6.82616797e+04 7.54890442e+00 7.40472500e+04 8.15066338e+00
    54956.0110853 6.82568906e+04 7.54862404e+00 7.40441641e+04 8.15055370e+00
    54956.0315198 6.82621094e+04 7.54885101e+00 7.40449453e+04 8.13838577e+00
    54956.0519542 6.82607734e+04 7.54882193e+00 7.40523438e+04 8.14806843e+00
    54956.0723885 6.82519531e+04 7.54845333e+00 7.40488828e+04 8.15563297e+00
    54956.0928228 6.82431094e+04 7.54804468e+00 7.40271094e+04 8.15289307e+00
    54956.1132573 6.82599141e+04 7.54879475e+00 7.40483047e+04 8.14252090e+00
    54956.1336916 6.82643516e+04 7.54905081e+00 7.40472656e+04 8.14812088e+00
    54956.1541259 6.82548594e+04 7.54853392e+00 7.40659453e+04 8.15922260e+00
    54956.1745603 6.82549453e+04 7.54858971e+00 7.40365859e+04 8.14858341e+00
    54956.1949947 6.82575469e+04 7.54862642e+00 7.40434062e+04 8.13031483e+00
    54956.2154290 6.82672266e+04 7.54912615e+00 7.40693984e+04 8.15429211e+00
    54956.2358633 6.82827969e+04 7.55011511e+00 7.40851562e+04 8.15585327e+00
    54956.2562978 6.82514688e+04 7.54842710e+00 7.40522812e+04 8.16096306e+00
    54956.2767321 6.82669297e+04 7.54903507e+00 7.40663281e+04 8.15975761e+00
    54956.2971664           -Inf           -Inf           -Inf           -Inf
    54956.3176009 6.82552500e+04 7.54864883e+00 7.40393750e+04 8.15528297e+00
    54956.3380352 6.82627031e+04 7.54875278e+00 7.40518906e+04 8.15174961e+00
    54956.3584695 6.82530312e+04 7.54862833e+00 7.40726094e+04 8.16360855e+00
    54956.3789039 6.82595469e+04 7.54882812e+00 7.40488438e+04 8.15306854e+00
    54956.3993384 6.82722500e+04 7.54922676e+00 7.40774219e+04 8.15712261e+00
    54956.4197726 6.82576172e+04 7.54871321e+00 7.40614531e+04 8.16269398e+00
    54956.4402070 6.82666641e+04 7.54905558e+00 7.40679609e+04 8.15326023e+00
    54956.4606415 6.82696172e+04 7.54918575e+00 7.40760000e+04 8.16360855e+00
    54956.4810757 6.82637656e+04 7.54900599e+00 7.40617109e+04 8.15934181e+00
    54956.5015101 6.82598828e+04 7.54872131e+00 7.40688516e+04 8.15626526e+00
    54956.5219444 6.82453516e+04 7.54813814e+00 7.40587188e+04 8.16322041e+00
    54956.5423788 6.82573438e+04 7.54862595e+00 7.40901328e+04 8.16364956e+00
    54956.5628132 6.82688438e+04 7.54912853e+00 7.41055312e+04 8.17098236e+00
    54956.5832476 6.82418672e+04 7.54799843e+00 7.40832500e+04 8.16196537e+00
    54956.6036819 6.82365391e+04 7.54768801e+00 7.40538359e+04 8.14804459e+00
    54956.6241163 6.82499609e+04 7.54830599e+00 7.40721250e+04 8.15758991e+00
    54956.6445506 6.82490859e+04 7.54827785e+00 7.40691250e+04 8.14128971e+00
    54956.6649849 6.82570547e+04 7.54855394e+00 7.40631953e+04 8.15245056e+00
    54956.6854194 6.82422188e+04 7.54798460e+00 7.40486484e+04 8.14595413e+00
    54956.7058537 6.82351172e+04 7.54761505e+00 7.40462422e+04 8.14382362e+00
    54956.7262880 6.82441562e+04 7.54799461e+00 7.40510547e+04 8.12535095e+00
    54956.7467225 6.82414531e+04 7.54796743e+00 7.40535234e+04 8.12948608e+00
    54956.7671568 6.82545156e+04 7.54852629e+00 7.40612344e+04 8.13577843e+00
    54956.7875911 6.82335781e+04 7.54756355e+00 7.40379141e+04 8.13902473e+00
    54956.8080255 6.82554141e+04 7.54851246e+00 7.40753438e+04 8.13186073e+00
    54956.8284599 6.82312812e+04 7.54748249e+00 7.40698438e+04 8.12714291e+00
    54956.8488942 6.82266094e+04 7.54728222e+00 7.40249531e+04 8.13790607e+00
    54956.8693286 6.82383594e+04 7.54776621e+00 7.40600938e+04 8.14105701e+00
    54956.8897630 6.82339453e+04 7.54746342e+00 7.40619062e+04 8.14181042e+00
    54956.9101974 6.82372891e+04 7.54773617e+00 7.40552500e+04 8.13780880e+00
    54956.9306317 6.82471875e+04 7.54807854e+00 7.40549453e+04 8.11727715e+00
    54956.9510660 6.82500781e+04 7.54825401e+00 7.40576562e+04 8.13714123e+00
    54956.9715005 6.82192656e+04 7.54693174e+00 7.40309688e+04 8.13613892e+00
    54956.9919348 6.82364688e+04 7.54760790e+00 7.40743750e+04 8.13784313e+00
    54957.0123691 6.82338906e+04 7.54760027e+00 7.40725547e+04 8.12467575e+00
    54957.0328036 6.82365703e+04 7.54766273e+00 7.40888984e+04 8.12412167e+00
    54957.0532379 6.82326641e+04 7.54749632e+00 7.40827266e+04 8.13474560e+00
    54957.0736722 6.82464609e+04 7.54800320e+00 7.41130469e+04 8.12290859e+00
    54957.0941066 6.82394844e+04 7.54773855e+00 7.40901641e+04 8.09850693e+00
    54957.1145410 6.82169688e+04 7.54680395e+00 7.40386719e+04 8.10297012e+00
    54957.1349753 6.82261953e+04 7.54717588e+00 7.40810078e+04 8.12414169e+00
    54957.1554097 6.82440234e+04 7.54778481e+00 7.40905859e+04 8.13704014e+00
    54957.1758442 6.82321797e+04 7.54742336e+00 7.40599609e+04 8.11497593e+00
    54957.1962784 6.82389766e+04 7.54774666e+00 7.40812969e+04 8.11282921e+00
    54957.2167128 6.82300625e+04 7.54735374e+00 7.40815859e+04 8.09505749e+00
    54957.2371472 6.82417109e+04 7.54787064e+00 7.41049141e+04 8.11195374e+00
    54957.2575815 6.82264062e+04 7.54715824e+00 7.40875234e+04 8.13699150e+00
    54957.2780159 6.82393828e+04 7.54770041e+00 7.41169766e+04 8.12313557e+00
    54957.2984503 6.82460859e+04 7.54815722e+00 7.41304297e+04 8.11366367e+00
    54957.3188847 6.82239609e+04 7.54711342e+00 7.41224688e+04 8.09541416e+00
    54957.3393190 6.82352266e+04 7.54751635e+00 7.41535938e+04 8.10880947e+00
    54957.3597534 6.82379844e+04 7.54770708e+00 7.41496641e+04 8.12686920e+00
    54957.3801877 6.82328516e+04 7.54760218e+00 7.41479844e+04 8.11308384e+00
    54957.4006221 6.82262734e+04 7.54721022e+00 7.41333281e+04 8.12063789e+00
    54957.4210565 6.82341094e+04 7.54754210e+00 7.41422656e+04 8.14245129e+00
    54957.4414908 6.82363984e+04 7.54774046e+00 7.41676875e+04 8.11592007e+00
    54957.4619253 6.82387031e+04 7.54783916e+00 7.41631016e+04 8.12793255e+00
    54957.4823596 6.82303359e+04 7.54739189e+00 7.41416094e+04 8.12008667e+00
    54957.5027939 6.82364141e+04 7.54763222e+00 7.41482500e+04 8.11870384e+00
    54957.5232282 6.82343516e+04 7.54764462e+00 7.41594609e+04 8.10356045e+00
    54957.5436627 6.82353203e+04 7.54759884e+00 7.41811797e+04 8.12625504e+00
    54957.5640970 6.82307109e+04 7.54741287e+00 7.41583047e+04 8.12694836e+00
    54957.5845313 6.82283672e+04 7.54726696e+00 7.41506562e+04 8.12625313e+00
    54957.6049658 6.82310000e+04 7.54747534e+00 7.41799219e+04 8.11763477e+00
    54957.6254001 6.82314766e+04 7.54741955e+00 7.41698125e+04 8.13500690e+00
    54957.6458345 6.81728203e+04 7.54489422e+00 7.41278438e+04 8.12135983e+00
    54957.6662688 6.76945391e+04 7.52508116e+00 7.36123828e+04 8.10435009e+00
    54957.6867032 6.75652812e+04 7.51603127e+00 7.34592891e+04 8.10031509e+00
    54957.7071376 6.75119766e+04 7.51497936e+00 7.34226172e+04 8.08432198e+00
    54957.7275719 6.75193125e+04 7.51662302e+00 7.34336719e+04 8.07865143e+00
    54957.7480063 6.75397656e+04 7.51749659e+00 7.34512656e+04 8.08418655e+00
    54957.7684407 6.76313359e+04 7.52232313e+00 7.35414922e+04 8.10408211e+00
    54957.7888750 6.79756875e+04 7.53671265e+00 7.39246484e+04 8.10412788e+00
    54957.8093093 6.82237188e+04 7.54701138e+00 7.41847188e+04 8.13915730e+00
    54957.8297438 6.82203281e+04 7.54682684e+00 7.41763984e+04 8.12939167e+00
    54957.8501781 6.82220312e+04 7.54691887e+00 7.41677266e+04 8.14334202e+00
    54957.8706124 6.82271250e+04 7.54714918e+00 7.41902266e+04 8.12330055e+00
    54957.8910468 6.82223906e+04 7.54692268e+00 7.41803594e+04 8.13084793e+00
    54957.9114813 6.82278047e+04 7.54728460e+00 7.41720625e+04 8.14542198e+00
    54957.9319155 6.82236797e+04 7.54704380e+00 7.41850703e+04 8.13006687e+00
    54957.9523499 6.82451719e+04 7.54795074e+00 7.42013203e+04 8.14486790e+00
    54957.9727844 6.82318750e+04 7.54735994e+00 7.41717812e+04 8.14576721e+00
    54957.9932186 6.82343672e+04 7.54743481e+00 7.41811328e+04 8.14259720e+00
    54958.0136530 6.82466719e+04 7.54794502e+00 7.41824141e+04 8.14793396e+00
    54958.0340873 6.82327031e+04 7.54728317e+00 7.41789844e+04 8.14806366e+00
    54958.0545217 6.82327344e+04 7.54724932e+00 7.41749609e+04 8.13969421e+00
    54958.0749561 6.82422578e+04 7.54882097e+00           -Inf           -Inf
    54958.0953905 6.82186797e+04 7.54670191e+00 7.41545938e+04 8.14699078e+00
    54958.1158248 6.82215391e+04 7.54685354e+00 7.41694844e+04 8.13388920e+00
    54958.1362592 6.82361641e+04 7.54745007e+00 7.41907656e+04 8.14042473e+00
    54958.1566936 6.82175625e+04 7.54662848e+00 7.41579844e+04 8.12126827e+00
    54958.1771278 6.82275938e+04 7.54698324e+00 7.41624297e+04 8.14342117e+00
    54958.1975623 6.82255156e+04 7.54701996e+00 7.41612344e+04 8.14358425e+00
    54958.2179967 6.82298438e+04 7.54714441e+00 7.41627500e+04 8.13824654e+00
    54958.2384309 6.82182500e+04 7.54667377e+00 7.41584219e+04 8.13625336e+00
    54958.2588654 6.82039141e+04 7.54605722e+00 7.41263281e+04 8.14704037e+00
    54958.2792998 6.82251562e+04 7.54694796e+00 7.41443672e+04 8.14742088e+00
    54958.2997340 6.82253047e+04 7.54694462e+00 7.41460859e+04 8.15211773e+00
    54958.3201684 6.82281406e+04 7.54719830e+00 7.41365938e+04 8.15160084e+00
    54958.3406029 6.82110156e+04 7.54642868e+00 7.41077969e+04 8.13319969e+00
    54958.3610372 6.82122031e+04 7.54651594e+00 7.41052422e+04 8.14980984e+00
    54958.3814715 6.82168594e+04 7.54663372e+00 7.41154375e+04 8.14232540e+00
    54958.4019060 6.82152891e+04 7.54662752e+00 7.41188516e+04 8.15001106e+00
    54958.4223404 6.82195703e+04 7.54671717e+00 7.41084766e+04 8.14603901e+00
    54958.4427746 6.82158516e+04 7.54650068e+00 7.41136484e+04 8.15216923e+00
    54958.4632090 6.82359688e+04 7.54742098e+00 7.41253359e+04 8.14826679e+00
    54958.4836435 6.82115391e+04 7.54643393e+00 7.40921641e+04 8.14087296e+00
    54958.5040777 6.82126172e+04 7.54641104e+00 7.40921641e+04 8.14640141e+00
    54958.5245121 6.82087188e+04 7.54636240e+00 7.41033281e+04 8.14556313e+00
    54958.5449466 6.82193281e+04 7.54667139e+00 7.41091016e+04 8.15938568e+00
    54958.5653808 6.82260703e+04 7.54703188e+00 7.41092734e+04 8.13243294e+00
    54958.5858152 6.81894219e+04 7.54546118e+00 7.40618203e+04 8.13656044e+00
    54958.6062496 6.82102422e+04 7.54624033e+00 7.40884531e+04 8.15327835e+00
    54958.6266839 6.81943125e+04 7.54562998e+00 7.40816797e+04 8.15650558e+00
    54958.6471184 6.81987500e+04 7.54585314e+00 7.40836484e+04 8.15564632e+00
    54958.6675527 6.82083906e+04 7.54618883e+00 7.41010000e+04 8.13304234e+00
    54958.6879871 6.82034219e+04 7.54599380e+00 7.40656875e+04 8.15169334e+00
    54958.7084215 6.82168359e+04 7.54650927e+00 7.40692578e+04 8.12804890e+00
    54958.7288558 6.82033672e+04 7.54601526e+00 7.40581250e+04 8.13400078e+00
    54958.7492901 6.82060156e+04 7.54607725e+00 7.40567578e+04 8.13146210e+00
    54958.7697246 6.82148281e+04 7.54656315e+00 7.40755781e+04 8.13579750e+00
    54958.7901589 6.82073906e+04 7.54617548e+00 7.40573906e+04 8.13919258e+00
    54958.8105932 6.82174453e+04 7.54661083e+00 7.40906406e+04 8.15065289e+00
    54958.8310277 6.82024531e+04 7.54591894e+00 7.40558203e+04 8.13505077e+00
    54958.8514620 6.81914766e+04 7.54547215e+00 7.40348906e+04 8.12131596e+00
    54958.8718964 6.81938203e+04 7.54565334e+00 7.40564141e+04 8.14141464e+00
    54958.8923307 6.82074531e+04 7.54610348e+00 7.40766250e+04 8.14830399e+00
    54958.9127651 6.82005312e+04 7.54572630e+00 7.40572188e+04 8.12530518e+00
    54958.9331995 6.81970625e+04 7.54563570e+00 7.40336406e+04 8.09697533e+00
    54958.9536338 6.81924609e+04 7.54554605e+00 7.40459531e+04 8.14575291e+00
    54958.9740683 6.81992656e+04 7.54582405e+00 7.40679609e+04 8.14742851e+00
    54958.9945026 6.82095156e+04 7.54609013e+00 7.40710312e+04 8.14129829e+00
    54959.0149369 6.81972500e+04 7.54566240e+00 7.40307031e+04 8.11875820e+00
    54959.0353712 6.81837578e+04 7.54503250e+00 7.40299688e+04 8.13784027e+00
    54959.0558057 6.82102891e+04 7.54619598e+00 7.40514297e+04 8.13614273e+00
    54959.0762400 6.82028906e+04 7.54585791e+00 7.40555156e+04 8.14766693e+00
    54959.0966743 6.81980469e+04 7.54565001e+00 7.40364219e+04 8.11925697e+00
    54959.1171088 6.81980156e+04 7.54575157e+00 7.40528281e+04 8.14693260e+00
    54959.1375431 6.81901797e+04 7.54532623e+00 7.40640547e+04 8.13997078e+00
    54959.1579775 6.81813984e+04 7.54499578e+00 7.40497109e+04 8.12131596e+00
    54959.1784118 6.81808359e+04 7.54500723e+00 7.40476875e+04 8.13534355e+00
    54959.1988462 6.81746562e+04 7.54470921e+00 7.40456719e+04 8.14457798e+00
    54959.2192806 6.81837344e+04 7.54500866e+00 7.40537188e+04 8.14234734e+00
    54959.2397149 6.81972734e+04 7.54559517e+00 7.40641172e+04 8.14113140e+00
    54959.2601494           -Inf           -Inf           -Inf           -Inf
    54959.2805837 6.81945469e+04 7.54546547e+00 7.40895547e+04 8.15285301e+00
    54959.3010180 6.81955938e+04 7.54556179e+00 7.40823672e+04 8.15234280e+00
    54959.3214524 6.81781328e+04 7.54480553e+00 7.40496641e+04 8.15425682e+00
    54959.3418868 6.81951484e+04 7.54555464e+00 7.40860703e+04 8.15195847e+00
    54959.3623211 6.81824141e+04 7.54503632e+00 7.40579609e+04 8.16095352e+00
    54959.3827555 6.81768359e+04 7.54477167e+00 7.40548672e+04 8.14612961e+00
    54959.4031899 6.81882500e+04 7.54528952e+00 7.40570859e+04 8.15132332e+00
    54959.4236243 6.81748203e+04 7.54471493e+00 7.40582266e+04 8.16782188e+00
    54959.4440586 6.82092969e+04 7.54615402e+00 7.40805469e+04 8.16151333e+00
    54959.4644929 6.81813828e+04 7.54499578e+00 7.40669141e+04 8.15915585e+00
    54959.4849274 6.81970938e+04 7.54562759e+00 7.41006641e+04 8.15441513e+00
    54959.5053617 6.81766641e+04 7.54486704e+00 7.40601797e+04 8.16387653e+00
    54959.5257960 6.81768125e+04 7.54464197e+00 7.40777344e+04 8.16261864e+00
    54959.5462303 6.81793438e+04 7.54485750e+00 7.40740703e+04 8.15671444e+00
    54959.5666648 6.81760547e+04 7.54483175e+00 7.40602891e+04 8.16305923e+00
    54959.5870992 6.81640859e+04 7.54419374e+00 7.40763828e+04 8.16136551e+00
    54959.6075335 6.81763516e+04 7.54473686e+00 7.40921406e+04 8.15145493e+00
    54959.6279679 6.81928594e+04 7.54544640e+00 7.40876016e+04 8.15724277e+00
    54959.6484023 6.81858047e+04 7.54524136e+00 7.40981016e+04 8.15495396e+00
    54959.6688366 6.81796250e+04 7.54488277e+00 7.40880000e+04 8.14047432e+00
    54959.6892709 6.81620234e+04 7.54415798e+00 7.40511328e+04 8.13598442e+00
    54959.7097054 6.81731641e+04 7.54461956e+00 7.40510000e+04 8.14589405e+00
    54959.7301397 6.81724141e+04 7.54463434e+00 7.40496406e+04 8.13127995e+00
    54959.7505740 6.81787422e+04 7.54479980e+00 7.40520781e+04 8.14305687e+00
    54959.7710085 6.81698828e+04 7.54450703e+00 7.40552969e+04 8.13788509e+00
    54959.7914428 6.81690547e+04 7.54342031e+00 7.40422734e+04 8.13545513e+00
    54959.8118771 6.81723047e+04 7.54463816e+00 7.40603125e+04 8.12974930e+00
    54959.8323115 6.81610234e+04 7.54428101e+00 7.40370859e+04 8.12051773e+00
    54959.8527460 6.81612734e+04 7.54419184e+00 7.40308672e+04 8.12760830e+00
    54959.8731802 6.81785625e+04 7.54488277e+00 7.40705078e+04 8.14933395e+00
    54959.8936146 6.81699062e+04 7.54342937e+00 7.40264688e+04 8.11464119e+00
    54959.9140491 6.81809375e+04 7.54495192e+00 7.40606406e+04 8.14215755e+00
    54959.9344834 6.81553438e+04 7.54296017e+00 7.40311641e+04 8.13174820e+00
    54959.9549177 6.81745078e+04 7.54427767e+00 7.40615859e+04 8.11754322e+00
    54959.9753521 6.81717109e+04 7.54407501e+00 7.40455781e+04 8.13352680e+00
    54959.9957865 6.82185078e+04 7.54689407e+00 7.41159688e+04 8.15751362e+00
    54960.0162209 6.81713750e+04 7.54458189e+00 7.40520781e+04 8.12971306e+00
    54960.0366552 6.81668203e+04 7.54446316e+00 7.40464297e+04 8.15045738e+00
    54960.0570896 6.81866328e+04 7.54519129e+00 7.40761406e+04 8.14142799e+00
    54960.0775240 6.81539531e+04 7.54392958e+00 7.40483359e+04 8.15082741e+00
    54960.0979583 6.81608750e+04 7.54317093e+00 7.40623750e+04 8.13135433e+00
    54960.1183927 6.81742500e+04 7.54461908e+00 7.40685234e+04 8.15166569e+00
    54960.1388271 6.81657969e+04 7.54431868e+00 7.40947891e+04 8.15160561e+00
    54960.1592615 6.81684453e+04 7.54444599e+00 7.40926250e+04 8.14899635e+00
    54960.1796958 6.81676016e+04 7.54438686e+00 7.40908438e+04 8.14443874e+00
    54960.2001302 6.81594766e+04 7.54356384e+00 7.40880547e+04 8.13729286e+00
    54960.2205646 6.81633438e+04 7.54320192e+00 7.40884531e+04 8.13691235e+00
    54960.2409989 6.81584531e+04 7.54402876e+00 7.40864766e+04 8.13626385e+00
    54960.2614332 6.81617891e+04 7.54319477e+00 7.40968750e+04 8.13673115e+00
    54960.2818677 6.81595781e+04 7.54351807e+00 7.40911250e+04 8.15276814e+00
    54960.3023020 6.81718828e+04 7.54338789e+00 7.41218594e+04 8.14120483e+00
    54960.3227363 6.81572188e+04 7.54339314e+00 7.41187812e+04 8.13526535e+00
    54960.3431708 6.81604844e+04 7.54354811e+00 7.41166875e+04 8.15610313e+00
    54960.3636051 6.81675938e+04 7.54323339e+00 7.41299609e+04 8.14237690e+00
    54960.3840395 6.81583125e+04 7.54395580e+00 7.41301484e+04 8.14606667e+00
    54960.4044738 6.81599609e+04 7.54411793e+00 7.41062500e+04 8.14517021e+00
    54960.4249082 6.81624219e+04 7.54420424e+00 7.41441641e+04 8.12711239e+00
    54960.4453426 6.81642891e+04 7.54446888e+00 7.41332422e+04 8.15855789e+00
    54960.4657769 6.81540625e+04 7.54284239e+00 7.41230469e+04 8.13407612e+00
    54960.4862114 6.81626328e+04 7.54315042e+00 7.41495703e+04 8.14401340e+00
    54960.5066457 6.81648047e+04 7.54435444e+00 7.41246797e+04 8.15072060e+00
    54960.5270800 6.81541172e+04 7.54335403e+00 7.41266562e+04 8.14790058e+00
    54960.5475143 6.81657422e+04 7.54437971e+00 7.41606250e+04 8.13606644e+00
    54960.5679488 6.81681562e+04 7.54446316e+00 7.41817500e+04 8.11989594e+00
    54960.5883832 6.81523984e+04 7.54385948e+00 7.41541172e+04 8.13580036e+00
    54960.6088175 6.81564219e+04 7.54509306e+00           -Inf           -Inf
    54960.6292519 6.81520078e+04 7.54291964e+00           -Inf           -Inf
    54960.6496863 6.81655547e+04 7.54426241e+00 7.41740703e+04 8.13593102e+00
    54960.6701206 6.81732344e+04 7.54463387e+00 7.41831172e+04 8.13899422e+00
    54960.6905549 6.81539219e+04 7.54381371e+00 7.41568828e+04 8.13846970e+00
    54960.7109894 6.81656484e+04 7.54415131e+00 7.41611016e+04 8.13933182e+00
    54960.7314237 6.81535625e+04 7.54369545e+00 7.41399766e+04 8.14989853e+00
    54960.7518580 6.81562734e+04 7.54325104e+00 7.41474922e+04 8.14611530e+00
    54960.7722924 6.81523125e+04 7.54263020e+00 7.41398594e+04 8.14668846e+00
    54960.7927268 6.81654688e+04 7.54421234e+00 7.41560234e+04 8.13822460e+00
    54960.8131611 6.81591094e+04 7.54334831e+00 7.41422500e+04 8.13986206e+00
    54960.8335955 6.81649922e+04 7.54423428e+00 7.41568125e+04 8.15253067e+00
    54960.8540300 6.81645391e+04 7.54405594e+00 7.41731719e+04 8.13057232e+00
    54960.8744642 6.81469141e+04 7.54343033e+00 7.41649453e+04 8.11635113e+00
    54960.8948986 6.77421562e+04 7.52279282e+00 7.37221094e+04 8.09944725e+00
    54960.9153330 6.74954609e+04 7.51267815e+00 7.34474609e+04 8.08204174e+00
    54960.9357673 6.74603203e+04 7.51092815e+00 7.34210234e+04 8.09494877e+00
    54960.9562017 6.74334844e+04 7.50994730e+00 7.33931406e+04 8.08561230e+00
    54960.9766361 6.74405547e+04 7.51025057e+00 7.33840859e+04 8.09416962e+00
    54960.9970705 6.75087578e+04 7.51299906e+00 7.34573594e+04 8.08225250e+00
    54961.0175048 6.77527812e+04 7.52323341e+00 7.37267812e+04 8.10484886e+00
    54961.0379392 6.81374219e+04 7.54242182e+00 7.41638594e+04 8.11938095e+00
    54961.0583735 6.81576719e+04 7.54324770e+00 7.41977109e+04 8.11275005e+00
    54961.0788079 6.81484219e+04 7.54340124e+00 7.41832188e+04 8.12722874e+00
    54961.0992423 6.81614922e+04 7.54381418e+00 7.41988906e+04 8.11506367e+00
    54961.1196767 6.81382109e+04 7.54289913e+00 7.41695391e+04 8.11146164e+00
    54961.1401110 6.81544219e+04 7.54351711e+00 7.41774141e+04 8.12989521e+00
    54961.1605454 6.81385391e+04 7.54294443e+00 7.41819844e+04 8.11451149e+00
    54961.1809798 6.81645859e+04 7.54399347e+00 7.42065078e+04 8.11583138e+00
    54961.2014140 6.81690312e+04 7.54419422e+00 7.42147266e+04 8.12452126e+00
    54961.2218485 6.81549297e+04 7.54309654e+00 7.41647734e+04 8.14463997e+00
    54961.2422829 6.81471641e+04 7.54333925e+00 7.41676953e+04 8.13987541e+00
    54961.2627172 6.81488516e+04 7.54288864e+00 7.41590859e+04 8.14122391e+00
    54961.2831516 6.81573594e+04 7.54261732e+00 7.41346094e+04 8.15416718e+00
    54961.3035860 6.81513047e+04 7.54340935e+00 7.41377578e+04 8.15420055e+00
    54961.3240203 6.81414297e+04 7.54199219e+00 7.41331328e+04 8.14389610e+00
    54961.3444547           -Inf           -Inf           -Inf           -Inf
    54961.3648891 6.81498125e+04 7.54327917e+00 7.41380234e+04 8.13679504e+00
    54961.3853235 6.81487891e+04 7.54232836e+00 7.41301328e+04 8.14173794e+00
    54961.4057578 6.81378438e+04 7.54229259e+00 7.41181406e+04 8.15893364e+00
    54961.4261922 6.81448594e+04 7.54219055e+00 7.41175234e+04 8.14429379e+00
    54961.4466266 6.81456953e+04 7.54315758e+00 7.41239297e+04 8.14583874e+00
    54961.4670610 6.81522578e+04 7.54346418e+00 7.41291094e+04 8.15616894e+00
    54961.4874952 6.81356562e+04 7.54219627e+00 7.41014766e+04 8.13808250e+00
    54961.5079297 6.81372109e+04 7.54298019e+00 7.40863359e+04 8.12239933e+00
    54961.5283641 6.81446875e+04 7.54310799e+00 7.41341172e+04 8.12760448e+00
    54961.5487983 6.81456875e+04 7.54312420e+00 7.41448984e+04 8.13449383e+00
    54961.5692328 6.81444297e+04 7.54252720e+00 7.41293359e+04 8.15449333e+00
    54961.5896672 6.81421562e+04 7.54294062e+00 7.41389219e+04 8.13514328e+00
    54961.6101014 6.81579531e+04 7.54364872e+00 7.41520156e+04 8.12888050e+00
    54961.6305358 6.81399531e+04 7.54185915e+00 7.41190078e+04 8.13950443e+00
    54961.6509703 6.81382969e+04 7.54183006e+00 7.41097266e+04 8.13228512e+00
    54961.6714047 6.81395781e+04 7.54286814e+00 7.41111172e+04 8.14078045e+00
    54961.6918389 6.81266094e+04 7.54130268e+00 7.41090469e+04 8.12612152e+00
    54961.7122734 6.81322891e+04 7.54250383e+00 7.41083438e+04 8.12031460e+00
    54961.7327078 6.81732891e+04 7.54426908e+00 7.41495703e+04 8.13451672e+00
    54961.7531420 6.81468281e+04 7.54305935e+00 7.41134375e+04 8.10886097e+00
    54961.7735764 6.81477969e+04 7.54311275e+00 7.40816797e+04 8.11557388e+00
    54961.7940109           -Inf           -Inf           -Inf           -Inf
    54961.8144451 6.81402422e+04 7.54289436e+00 7.40727109e+04 8.11913586e+00
    54961.8348795 6.81306484e+04 7.54239178e+00 7.40852578e+04 8.11331749e+00
    54961.8553139 6.81296406e+04 7.54245329e+00 7.40771250e+04 8.10534096e+00
    54961.8757483 6.81342188e+04 7.54262161e+00 7.40806484e+04 8.08328533e+00
    54961.8961826 6.81404531e+04 7.54281139e+00 7.40833672e+04 8.10561466e+00
    54961.9166170 6.81405781e+04 7.54283762e+00 7.40949375e+04 8.11758423e+00
    54961.9370514 6.81164844e+04 7.54197454e+00 7.40613750e+04 8.10464764e+00
    54961.9574857 6.81291406e+04 7.54189157e+00 7.40650469e+04 8.08957958e+00
    54961.9779201 6.81378359e+04 7.54221487e+00 7.40880234e+04 8.13030434e+00
    54961.9983544 6.81302734e+04 7.54180384e+00 7.40885234e+04 8.14190865e+00
    54962.0187889 6.81289766e+04 7.54232979e+00 7.40666641e+04 8.13090706e+00
    54962.0392232 6.81276719e+04 7.54173374e+00 7.40786484e+04 8.15254784e+00
    54962.0596575 6.81326641e+04 7.54193926e+00 7.40967031e+04 8.13336754e+00
    54962.0800920 6.81142812e+04 7.54068804e+00 7.40486875e+04 8.13810539e+00
    54962.1005263 6.81385703e+04 7.54169703e+00 7.40791250e+04 8.13844585e+00
    54962.1209607 6.81295078e+04 7.54231691e+00 7.40775078e+04 8.14216709e+00
    54962.1413950 6.81325938e+04 7.54144716e+00 7.40637812e+04 8.14094639e+00
    54962.1618294 6.81318203e+04 7.54131603e+00 7.40740078e+04 8.12116909e+00
    54962.1822638 6.81154922e+04 7.54080105e+00 7.40365938e+04 8.13086987e+00
    54962.2026981 6.81354297e+04 7.54157925e+00 7.40499531e+04 8.12523556e+00
    54962.2231326 6.81248672e+04 7.54218864e+00 7.40609297e+04 8.11677361e+00
    54962.2435669 6.81402031e+04 7.54223680e+00 7.40716250e+04 8.13028336e+00
    54962.2640012 6.81296172e+04 7.54242849e+00 7.40550312e+04 8.12148571e+00
    54962.2844356 6.81394219e+04 7.54310942e+00 7.40587188e+04 8.11116695e+00
    54962.3048700 6.81169219e+04 7.54082108e+00 7.40372344e+04 8.12949276e+00
    54962.3253043 6.81418125e+04 7.54282713e+00 7.40715859e+04 8.12888145e+00
    54962.3457387 6.81334609e+04 7.54146338e+00 7.40674688e+04 8.12144279e+00
    54962.3661731 6.81190469e+04 7.54086733e+00 7.40398984e+04 8.13220692e+00
    54962.3866074 6.81248438e+04 7.54109573e+00 7.40350781e+04 8.11182690e+00
    54962.4070418 6.81126875e+04 7.54163074e+00 7.40251406e+04 8.12217236e+00
    54962.4274762 6.81252500e+04 7.54112434e+00 7.40406172e+04 8.12302113e+00
    54962.4479106 6.81288438e+04 7.54133701e+00 7.40203516e+04 8.09541512e+00
    54962.4683449 6.81393125e+04 7.54162312e+00 7.40758281e+04 8.10967541e+00
    54962.4887793 6.81227734e+04 7.54096270e+00 7.40463281e+04 8.12259007e+00
    54962.5092137 6.81269609e+04 7.54160881e+00 7.40382734e+04 8.11332321e+00
    54962.5296480 6.81272812e+04 7.54115152e+00 7.40548750e+04 8.13034344e+00
    54962.5500824 6.81185547e+04 7.54077911e+00 7.40490000e+04 8.10541058e+00
    54962.5705168 6.81231172e+04 7.54101849e+00 7.40628047e+04 8.13092804e+00
    54962.5909511 6.81338750e+04 7.54132891e+00 7.40615547e+04 8.11484718e+00
    54962.6113855 6.81294141e+04 7.54171133e+00 7.40487109e+04 8.11356640e+00
    54962.6318199 6.81191719e+04 7.54190683e+00 7.40582578e+04 8.13079929e+00
    54962.6522542 6.81012969e+04 7.54014921e+00 7.40498984e+04 8.12380981e+00
    54962.6726886 6.81335000e+04 7.54135561e+00 7.40982031e+04 8.12334919e+00
    54962.6931230 6.81257344e+04 7.54154587e+00 7.40654922e+04 8.12620926e+00
    54962.7135573 6.81203516e+04 7.54080057e+00 7.40555000e+04 8.12748814e+00
    54962.7339917 6.81146016e+04 7.54065895e+00 7.40705469e+04 8.12411404e+00
    54962.7544261 6.81197109e+04 7.54081345e+00 7.40949141e+04 8.11741829e+00
    54962.7748605 6.81207422e+04 7.54130602e+00 7.40883281e+04 8.12276363e+00
    54962.7952949 6.81183750e+04 7.54082060e+00 7.40956328e+04 8.11201859e+00
    54962.8157292 6.81170234e+04 7.54070616e+00 7.40937891e+04 8.09929848e+00
    54962.8361636 6.81195938e+04 7.54076815e+00 7.41106250e+04 8.09924603e+00
    54962.8565979 6.81116172e+04 7.54054928e+00 7.40945547e+04 8.08914852e+00
    54962.8770323 6.81200859e+04 7.54075336e+00 7.41168672e+04 8.10286140e+00
    54962.8974667 6.81310547e+04 7.54130793e+00 7.41303828e+04 8.08927631e+00
    54962.9179011 6.81110078e+04 7.54039097e+00 7.41018281e+04 8.09173584e+00
    54962.9383354 6.81176250e+04 7.54068804e+00 7.41118594e+04 8.07151985e+00
    54962.9587698 6.81218672e+04 7.54087019e+00 7.41156953e+04 8.06997395e+00
    54962.9792042 6.81214062e+04 7.54078007e+00 7.40962500e+04 8.07356167e+00
    54962.9996384 6.81189688e+04 7.54073048e+00 7.40815312e+04 8.07318401e+00
    54963.0200729 6.80925000e+04 7.53805828e+00 7.40563672e+04 8.06253719e+00
    54963.0405073 6.81240156e+04 7.54089212e+00 7.40949922e+04 8.05303764e+00
    54963.0609415 6.81185859e+04 7.54070807e+00 7.41102188e+04 8.05769253e+00
    54963.0813759 6.81174922e+04 7.54063892e+00 7.41009297e+04 8.04735565e+00
    54963.1018104 6.81249844e+04 7.53837442e+00 7.40695781e+04 8.03278828e+00
    54963.1222447 6.81131172e+04 7.53794622e+00 7.40793281e+04 8.01206684e+00
    54963.1426790 6.80966875e+04 7.53716755e+00 7.40472734e+04 8.01761818e+00
    54963.1631135 6.81104141e+04 7.53767443e+00 7.40581484e+04 8.00094604e+00
    54963.1835479 6.81204297e+04 7.53802776e+00 7.40828438e+04 8.00557613e+00
    54963.2039821 6.81251172e+04 7.53827429e+00 7.40779297e+04 8.00487995e+00
    54963.2244165 6.81107500e+04 7.53767872e+00 7.40582969e+04 8.02451229e+00
    54963.2448510 6.81009375e+04 7.53740454e+00 7.40711172e+04 8.00223255e+00
